日期,开盘,收盘,最高,最低,成交量,成交额,涨跌幅,涨跌额,振幅,换手率
2023-04-14,14.65,14.58,14.65,14.48,7521.0,10947715.0,,,1.17403314917127,0.0
2023-04-17,14.62,14.2,14.81,14.2,27930.0,40362208.0,-2.6063100137174278,-0.3800000000000008,4.295774647887333,0.0
2023-04-18,14.18,14.33,14.67,14.0,25963.0,37040500.0,0.9154929577464888,0.13000000000000078,4.785714285714286,0.0
2023-04-19,14.28,14.04,14.28,14.0,13499.0,19021162.0,-2.023726448011176,-0.2900000000000009,1.9999999999999956,0.0
2023-04-20,14.07,13.95,14.08,13.84,7497.0,10443031.0,-0.6410256410256387,-0.08999999999999986,1.7341040462427761,0.0
2023-04-21,13.87,13.54,13.95,13.52,8724.0,11956971.0,-2.939068100358422,-0.41000000000000014,3.1804733727810635,0.0
2023-04-24,13.49,13.6,13.67,13.37,7603.0,10300207.0,0.4431314623338345,0.0600000000000005,2.2438294689603646,0.0
2023-04-25,13.46,13.39,13.64,13.28,7550.0,10134582.0,-1.544117647058818,-0.20999999999999908,2.710843373493985,0.0
2023-04-26,13.4,13.52,13.6,13.37,5876.0,7941560.5,0.9708737864077666,0.129999999999999,1.7202692595362785,0.0
2023-04-27,13.32,13.64,13.67,13.32,6389.0,8682105.0,0.887573964497057,0.120000000000001,2.627627627627625,0.0
2023-04-28,13.69,13.86,13.9,13.69,8179.0,11300380.0,1.6129032258064502,0.21999999999999886,1.53396639883127,0.0
2023-05-04,13.86,14.02,14.07,13.86,8047.0,11268905.0,1.1544011544011523,0.16000000000000014,1.5151515151515214,0.0
2023-05-05,13.99,13.82,14.03,13.75,6610.0,9156591.0,-1.4265335235377985,-0.1999999999999993,2.0363636363636317,0.0
2023-05-08,13.89,13.84,13.94,13.79,5286.0,7310473.5,0.14471780028944004,0.019999999999999574,1.0877447425670803,0.0
2023-05-09,13.85,13.66,13.85,13.51,7231.0,9897711.0,-1.3005780346820761,-0.17999999999999972,2.5166543301258315,0.0
2023-05-10,13.76,13.82,13.84,13.66,5395.0,7426893.0,1.171303074670571,0.16000000000000014,1.3177159590043903,0.0
2023-05-11,13.84,13.98,14.0,13.7,5908.0,8222353.5,1.1577424023154759,0.16000000000000014,2.1897810218978155,0.0
2023-05-12,13.92,13.93,14.04,13.88,5082.0,7090915.0,-0.3576537911301858,-0.05000000000000071,1.1527377521613713,0.0
2023-05-15,13.9,13.93,14.03,13.71,5989.0,8321316.0,0.0,0.0,2.334062727935802,0.0
2023-05-16,14.0,13.74,14.05,13.71,6271.0,8665819.0,-1.3639626704953334,-0.1899999999999995,2.4799416484318004,0.0
2023-05-17,13.84,13.78,13.86,13.68,7964.0,10951477.0,0.29112081513826826,0.03999999999999915,1.3157894736842086,0.0
2023-05-18,13.95,13.73,13.95,13.69,8927.0,12299230.0,-0.36284470246733536,-0.049999999999998934,1.899196493791087,0.0
2023-05-19,13.73,13.79,13.79,13.54,6800.0,9305270.0,0.43699927166787056,0.05999999999999872,1.8463810930576072,0.0
2023-05-22,13.79,14.36,14.47,13.78,25801.0,36631884.0,4.1334300217549025,0.5700000000000003,5.007256894049356,0.0
2023-05-23,14.36,14.21,14.42,14.16,11256.0,16080428.0,-1.0445682451253435,-0.14999999999999858,1.8361581920903938,0.0
2023-05-24,14.01,13.92,14.13,13.87,10925.0,15280810.0,-2.0408163265306145,-0.2900000000000009,1.874549387166558,0.0
2023-05-25,13.9,14.05,14.05,13.8,9557.0,13295099.0,0.9339080459770166,0.13000000000000078,1.8115942028985508,0.0
2023-05-26,14.01,13.89,14.07,13.76,7582.0,10530599.0,-1.1387900355871894,-0.16000000000000014,2.25290697674419,0.0
2023-05-29,13.87,13.83,13.97,13.75,6226.0,8611808.0,-0.4319654427645814,-0.0600000000000005,1.6000000000000045,0.0
2023-05-30,13.83,13.92,13.96,13.7,8693.0,12033686.0,0.6507592190889255,0.08999999999999986,1.8978102189781136,0.0
2023-05-31,13.92,14.04,14.22,13.9,11663.0,16413692.0,0.8620689655172376,0.11999999999999922,2.302158273381297,0.0
2023-06-01,14.04,13.93,14.07,13.85,5685.0,7941234.0,-0.7834757834757844,-0.10999999999999943,1.5884476534296075,0.0
2023-06-02,13.99,14.2,14.39,13.95,13697.0,19474202.0,1.938262742282837,0.2699999999999996,3.1541218637992925,0.0
2023-06-05,14.19,14.31,14.34,14.12,8190.0,11658090.0,0.7746478873239537,0.11000000000000121,1.5580736543909395,0.0
2023-06-06,14.27,14.06,14.37,14.01,7962.0,11271749.0,-1.7470300489168422,-0.25,2.5695931477516023,0.0
2023-06-07,14.02,14.15,14.26,14.02,5025.0,7104594.5,0.6401137980085236,0.08999999999999986,1.7118402282453653,0.0
2023-06-08,14.06,14.25,14.33,13.97,9260.0,13155131.0,0.7067137809187329,0.09999999999999964,2.576950608446667,0.0
2023-06-09,14.21,14.09,14.58,14.07,11568.0,16487484.0,-1.1228070175438587,-0.16000000000000014,3.6247334754797427,0.0
2023-06-12,14.04,14.39,14.43,13.62,14487.0,20420786.0,2.129169623846705,0.3000000000000007,5.947136563876656,0.0
2023-06-13,14.27,14.26,14.44,14.21,7481.0,10694522.0,-0.9034051424600453,-0.13000000000000078,1.6185784658690967,0.0
2023-06-14,14.26,14.29,14.47,14.14,7210.0,10310811.0,0.21037868162692153,0.02999999999999936,2.3338048090523342,0.0
2023-06-15,14.22,14.29,14.35,14.18,5935.0,8451819.0,0.0,0.0,1.198871650211565,0.0
2023-06-16,14.29,14.21,14.32,14.2,6362.0,9064963.0,-0.5598320503848675,-0.0799999999999983,0.8450704225352182,0.0
2023-06-19,14.21,13.96,14.21,13.88,10031.0,14057777.0,-1.7593244194229363,-0.25,2.3775216138328537,0.0
2023-06-20,13.93,13.83,14.0,13.79,6433.0,8934528.0,-0.9312320916905481,-0.13000000000000078,1.522842639593915,0.0
2023-06-21,13.84,13.66,13.89,13.66,5718.0,7872189.0,-1.2292118582791,-0.16999999999999993,1.683748169838949,0.0
2023-06-26,13.67,13.47,13.78,13.42,7650.0,10371166.0,-1.3909224011713017,-0.1899999999999995,2.6825633383010388,0.0
2023-06-27,13.55,13.93,13.99,13.4,10482.0,14472119.0,3.4149962880475115,0.4599999999999991,4.402985074626865,0.0
2023-06-28,13.92,13.93,13.95,13.67,7591.0,10493329.0,0.0,0.0,2.0482809070958257,0.0
2023-06-29,14.1,14.18,14.24,13.88,9963.0,14089177.0,1.794687724335975,0.25,2.593659942363108,0.0
2023-06-30,14.23,14.23,14.31,14.17,6644.0,9458526.0,0.35260930888576514,0.05000000000000071,0.9880028228652122,0.0
2023-07-03,14.22,14.23,14.43,14.2,6916.0,9882594.0,0.0,0.0,1.6197183098591579,0.0
2023-07-04,14.21,14.31,14.35,14.14,5717.0,8165750.0,0.5621925509486925,0.08000000000000007,1.4851485148514785,0.0
2023-07-05,14.31,14.19,14.37,14.13,7375.0,10490872.0,-0.8385744234800874,-0.120000000000001,1.6985138004246174,0.0
2023-07-06,14.16,14.15,14.26,14.12,3652.0,5181214.0,-0.28188865398167673,-0.03999999999999915,0.9915014164305991,0.0
2023-07-07,14.14,14.08,14.22,14.08,4208.0,5955416.0,-0.4946996466431153,-0.07000000000000028,0.9943181818181858,0.0
2023-07-10,14.15,14.19,14.36,14.14,6047.0,8596780.0,0.78125,0.10999999999999943,1.5558698727015479,0.0
2023-07-11,14.19,14.29,14.32,14.19,5129.0,7312754.0,0.7047216349541863,0.09999999999999964,0.9161381254404565,0.0
2023-07-12,14.3,14.11,14.39,14.09,5806.0,8266315.0,-1.259622113365988,-0.17999999999999972,2.1291696238467046,0.0
2023-07-13,14.12,14.21,14.26,14.12,4976.0,7064150.0,0.7087172218285032,0.10000000000000142,0.9915014164305991,0.0
2023-07-14,14.25,14.15,14.3,14.13,4980.0,7062423.0,-0.4222378606615118,-0.0600000000000005,1.2031139419674446,0.0
2023-07-17,14.23,14.34,14.34,13.98,9996.0,14241916.0,1.3427561837455748,0.1899999999999995,2.5751072961373347,0.0
2023-07-18,14.35,14.47,14.51,14.23,12042.0,17359492.0,0.9065550906555142,0.13000000000000078,1.9676739283204452,0.0
2023-07-19,14.46,14.57,14.63,14.41,8985.0,13078307.0,0.6910850034554272,0.09999999999999964,1.526717557251913,0.0
2023-07-20,14.64,14.44,14.64,14.33,8460.0,12245997.0,-0.8922443376801703,-0.13000000000000078,2.163293789253318,0.0
2023-07-21,14.34,14.69,14.71,14.3,18647.0,27261804.0,1.7313019390581719,0.25,2.867132867132868,0.0
2023-07-24,14.7,14.57,14.79,14.38,13067.0,19069964.0,-0.8168822328114334,-0.11999999999999922,2.8511821974965117,0.0
2023-07-25,14.59,14.89,14.94,14.59,17958.0,26671798.0,2.1962937542896466,0.3200000000000003,2.3989033584646995,0.0
2023-07-26,14.85,14.97,15.05,14.8,14428.0,21549856.0,0.5372733378106176,0.08000000000000007,1.689189189189189,0.0
2023-07-27,14.97,14.87,15.04,14.81,12592.0,18781916.0,-0.6680026720106924,-0.10000000000000142,1.553004726536115,0.0
2023-07-28,14.82,15.07,15.28,14.79,19850.0,29936394.0,1.344989912575656,0.20000000000000107,3.3130493576741054,0.0
2023-07-31,15.05,15.19,15.26,14.96,20762.0,31311314.0,0.796284007962833,0.11999999999999922,2.0053475935828806,0.0
2023-08-01,15.11,14.9,15.17,14.84,15228.0,22767956.0,-1.909150757077016,-0.28999999999999915,2.223719676549866,0.0
2023-08-02,14.93,14.98,15.11,14.88,10473.0,15698876.0,0.5369127516778427,0.08000000000000007,1.5456989247311737,0.0
2023-08-03,15.01,14.89,15.04,14.78,7302.0,10855883.0,-0.6008010680907838,-0.08999999999999986,1.7591339648173192,0.0
2023-08-04,14.97,14.83,15.11,14.8,10005.0,14913495.0,-0.4029550033579632,-0.0600000000000005,2.094594594594586,0.0
2023-08-07,14.88,14.8,14.93,14.71,11222.0,16601169.0,-0.20229265003370855,-0.02999999999999936,1.4955812372535613,0.0
2023-08-08,14.91,15.0,15.01,14.67,11033.0,16418728.0,1.3513513513513375,0.1999999999999993,2.3176550783912737,0.0
2023-08-09,14.96,14.82,14.96,14.77,8589.0,12740642.0,-1.200000000000001,-0.17999999999999972,1.2863913337847075,0.0
2023-08-10,14.84,14.86,14.89,14.7,6878.0,10167014.0,0.26990553306343035,0.03999999999999915,1.2925170068027299,0.0
2023-08-11,14.85,14.69,14.96,14.68,7411.0,10967936.0,-1.144010767160164,-0.16999999999999993,1.9073569482288906,0.0
2023-08-14,14.64,14.86,14.89,14.51,6386.0,9395238.0,1.1572498298161982,0.16999999999999993,2.6188835286009704,0.0
2023-08-15,14.87,14.92,15.06,14.67,11438.0,17092304.0,0.40376850605652326,0.0600000000000005,2.658486707566466,0.0
2023-08-16,14.92,14.94,15.06,14.82,9207.0,13778983.0,0.13404825737264314,0.019999999999999574,1.6194331983805683,0.0
2023-08-17,14.9,15.24,15.27,14.75,16044.0,24239116.0,2.008032128514059,0.3000000000000007,3.5254237288135566,0.0
2023-08-18,15.26,15.14,15.35,15.14,15142.0,23078700.0,-0.6561679790026198,-0.09999999999999964,1.3870541611624774,0.0
2023-08-21,15.12,15.15,15.36,15.1,12378.0,18869130.0,0.06605019815060231,0.009999999999999787,1.7218543046357602,0.0
2023-08-22,15.09,14.84,15.22,14.6,16220.0,24076908.0,-2.0462046204620443,-0.3100000000000005,4.246575342465761,0.0
2023-08-23,14.84,14.52,14.91,14.43,10085.0,14719313.0,-2.156334231805934,-0.3200000000000003,3.3264033264033293,0.0
2023-08-24,14.52,14.54,14.73,14.38,7794.0,11323576.0,0.13774104683195176,0.019999999999999574,2.433936022253127,0.0
2023-08-25,14.45,14.4,14.82,14.18,11705.0,16981724.0,-0.9628610729023324,-0.1399999999999988,4.513399153737662,0.0
2023-08-28,15.1,14.67,15.12,14.57,23092.0,34422420.0,1.8750000000000044,0.2699999999999996,3.774879890185305,0.0
2023-08-29,14.67,15.26,15.27,14.6,16146.0,24309508.0,4.021813224267201,0.5899999999999999,4.589041095890411,0.0
2023-08-30,14.9,15.26,15.38,14.43,40325.0,60357192.0,0.0,0.0,6.5835065835065905,0.0
2023-08-31,15.54,15.05,15.81,14.92,32661.0,49573152.0,-1.3761467889908174,-0.20999999999999908,5.965147453083114,0.0
2023-09-01,15.07,15.28,15.4,15.03,31603.0,48212844.0,1.5282392026577885,0.22999999999999865,2.4617431803060614,0.0
2023-09-04,15.35,15.66,15.79,15.22,34688.0,53759296.0,2.486910994764413,0.3800000000000008,3.745072273324563,0.0
2023-09-05,15.58,15.43,15.6,15.25,21910.0,33808540.0,-1.4687100893997496,-0.23000000000000043,2.2950819672131124,0.0
2023-09-06,15.5,15.23,15.53,15.16,14476.0,22120690.0,-1.2961762799740706,-0.1999999999999993,2.4406332453825805,0.0
2023-09-07,15.29,14.93,15.49,14.82,18603.0,28122038.0,-1.9697964543663904,-0.3000000000000007,4.520917678812415,0.0
2023-09-08,14.93,14.87,15.0,14.7,15088.0,22450886.0,-0.40187541862023446,-0.0600000000000005,2.040816326530617,0.0
2023-09-11,14.87,14.75,14.97,14.62,14885.0,21999070.0,-0.8069939475453869,-0.11999999999999922,2.3939808481532245,0.0
2023-09-12,14.75,14.74,14.85,14.61,12626.0,18556266.0,-0.06779661016949046,-0.009999999999999787,1.6427104722792623,0.0
2023-09-13,14.74,14.64,14.75,14.56,11681.0,17105494.0,-0.6784260515603768,-0.09999999999999964,1.3049450549450514,0.0
2023-09-14,14.65,14.6,14.74,14.46,10516.0,15334181.0,-0.2732240437158584,-0.040000000000000924,1.936376210235127,0.0
2023-09-15,14.61,14.59,14.74,14.55,10975.0,16073514.0,-0.068493150684934,-0.009999999999999787,1.305841924398622,0.0
2023-09-18,14.59,15.38,15.57,14.5,36027.0,54757580.0,5.414667580534616,0.7900000000000009,7.379310344827589,0.0
2023-09-19,15.38,15.06,15.75,15.01,24189.0,36930696.0,-2.080624187256175,-0.3200000000000003,4.930046635576284,0.0
2023-09-20,14.96,14.92,15.44,14.9,11540.0,17328606.0,-0.9296148738379806,-0.14000000000000057,3.6241610738254977,0.0
2023-09-21,14.92,14.83,15.06,14.73,10316.0,15346485.0,-0.6032171581769386,-0.08999999999999986,2.2403258655804485,0.0
2023-09-22,14.83,15.03,15.12,14.73,9200.0,13760755.0,1.3486176668914274,0.1999999999999993,2.6476578411405214,0.0
2023-09-25,15.0,14.98,15.15,14.81,10594.0,15865745.0,-0.3326679973386537,-0.049999999999998934,2.2957461174881826,0.0
2023-09-26,14.95,14.9,15.06,14.86,9235.0,13805712.0,-0.5340453938584733,-0.08000000000000007,1.3458950201884325,0.0
2023-09-27,14.9,15.01,15.09,14.83,6825.0,10236041.0,0.7382550335570448,0.10999999999999943,1.7532029669588656,0.0
2023-09-28,15.1,15.01,15.18,14.91,6775.0,10186123.0,0.0,0.0,1.8108651911468785,0.0
2023-10-09,15.01,14.75,15.15,14.71,13338.0,19778496.0,-1.7321785476349105,-0.2599999999999998,2.9911624745071346,0.0
2023-10-10,14.79,14.63,14.88,14.61,10610.0,15627046.0,-0.8135593220338966,-0.11999999999999922,1.8480492813141778,0.0
2023-10-11,14.71,14.72,14.85,14.57,6886.0,10128271.0,0.6151742993848242,0.08999999999999986,1.9217570350034272,0.0
2023-10-12,14.74,14.82,14.85,14.63,7013.0,10348209.0,0.6793478260869623,0.09999999999999964,1.5037593984962327,0.0
2023-10-13,14.76,14.39,14.87,14.26,10921.0,15808944.0,-2.9014844804318485,-0.4299999999999997,4.277699859747542,0.0
2023-10-16,14.4,14.36,14.48,14.3,5403.0,7766953.5,-0.20847810979848225,-0.030000000000001137,1.2587412587412568,0.0
2023-10-17,14.39,14.53,14.63,14.3,8667.0,12546298.0,1.1838440111420656,0.16999999999999993,2.3076923076923084,0.0
2023-10-18,14.44,14.12,14.53,14.06,8464.0,12021292.0,-2.821748107364075,-0.41000000000000014,3.3428165007112294,0.0
2023-10-19,14.07,14.14,14.5,14.0,8043.0,11460982.0,0.14164305949009304,0.02000000000000135,3.571428571428571,0.0
2023-10-20,14.18,14.07,14.32,13.98,5654.0,7980888.0,-0.4950495049504955,-0.07000000000000028,2.4320457796852635,0.0
2023-10-23,14.0,13.7,14.12,13.65,9657.0,13367079.0,-2.6297085998578607,-0.370000000000001,3.4432234432234345,0.0
2023-10-24,13.73,14.44,14.5,13.73,13078.0,18683276.0,5.40145985401459,0.7400000000000002,5.608157319737797,0.0
2023-10-25,14.51,14.69,14.7,14.36,10576.0,15409508.0,1.7313019390581719,0.25,2.3676880222841215,0.0
2023-10-26,14.46,14.49,14.77,14.45,6656.0,9683955.0,-1.3614703880190593,-0.1999999999999993,2.2145328719723203,0.0
2023-10-27,14.55,14.9,14.95,14.44,11549.0,17027452.0,2.8295376121463045,0.41000000000000014,3.5318559556786693,0.0
2023-10-30,14.9,14.74,15.03,14.72,13262.0,19704956.0,-1.0738255033557076,-0.16000000000000014,2.1059782608695565,0.0
2023-10-31,14.75,14.71,14.86,14.61,9467.0,13934291.0,-0.2035278154681075,-0.02999999999999936,1.7111567419575633,0.0
2023-11-01,14.77,14.92,14.95,14.65,10425.0,15491942.0,1.4276002719238567,0.20999999999999908,2.047781569965863,0.0
2023-11-02,14.87,14.83,14.98,14.7,11489.0,17081748.0,-0.6032171581769386,-0.08999999999999986,1.9047619047619126,0.0
2023-11-03,14.83,14.88,15.07,14.79,11642.0,17405790.0,0.3371544167228624,0.05000000000000071,1.8931710615280675,0.0
2023-11-06,14.91,14.93,15.07,14.8,12070.0,18032460.0,0.33602150537632713,0.049999999999998934,1.8243243243243212,0.0
2023-11-07,14.99,14.96,14.99,14.79,13020.0,19392806.0,0.20093770931011168,0.030000000000001137,1.3522650439486212,0.0
2023-11-08,15.0,14.84,15.06,14.77,13595.0,20272774.0,-0.8021390374331583,-0.120000000000001,1.9634394041977044,0.0
2023-11-09,14.9,14.76,14.92,14.68,11047.0,16337125.0,-0.5390835579514808,-0.08000000000000007,1.6348773841961868,0.0
2023-11-10,14.8,14.78,14.85,14.61,9179.0,13553090.0,0.13550135501354532,0.019999999999999574,1.6427104722792623,0.0
2023-11-13,14.87,15.08,15.08,14.85,14835.0,22196994.0,2.0297699594046037,0.3000000000000007,1.5488215488215518,0.0
2023-11-14,15.08,15.03,15.1,14.82,10517.0,15714405.0,-0.3315649867374093,-0.05000000000000071,1.8893387314439902,0.0
2023-11-15,15.04,15.04,15.13,14.9,11218.0,16861424.0,0.06653359946773296,0.009999999999999787,1.5436241610738284,0.0
2023-11-16,15.05,15.08,15.14,14.94,12177.0,18317136.0,0.26595744680850686,0.040000000000000924,1.3386880856760446,0.0
2023-11-17,15.08,14.98,15.08,14.92,14542.0,21791238.0,-0.6631299734747964,-0.09999999999999964,1.0723860589812342,0.0
2023-11-20,14.99,15.13,15.15,14.9,14225.0,21431440.0,1.0013351134846582,0.15000000000000036,1.6778523489932886,0.0
2023-11-21,15.1,15.12,15.34,15.07,10168.0,15436266.0,-0.06609385327165374,-0.010000000000001563,1.7916390179163872,0.0
2023-11-22,15.07,14.96,15.15,14.91,8898.0,13361321.0,-1.058201058201047,-0.15999999999999837,1.6096579476861181,0.0
2023-11-23,15.02,15.14,15.15,14.94,9090.0,13696111.0,1.2032085561497263,0.17999999999999972,1.405622489959845,0.0
2023-11-24,15.17,14.99,15.2,14.86,10488.0,15741733.0,-0.9907529722589237,-0.15000000000000036,2.2880215343203223,0.0
2023-11-27,14.99,14.93,15.05,14.76,9133.0,13608064.0,-0.4002668445630464,-0.0600000000000005,1.964769647696483,0.0
2023-11-28,14.96,15.12,15.18,14.89,9659.0,14573231.0,1.272605492297374,0.1899999999999995,1.9476158495634597,0.0
2023-11-29,15.14,15.09,15.17,14.95,10096.0,15204450.0,-0.1984126984126977,-0.02999999999999936,1.4715719063545194,0.0
2023-11-30,15.03,15.01,15.13,14.85,9071.0,13581271.0,-0.5301524188204065,-0.08000000000000007,1.8855218855218934,0.0
2023-12-01,15.01,14.88,15.05,14.87,10044.0,14999880.0,-0.8660892738174497,-0.129999999999999,1.2104909213181003,0.0
2023-12-04,14.93,14.91,14.97,14.78,10084.0,15014676.0,0.20161290322580072,0.02999999999999936,1.2855209742895892,0.0
2023-12-05,14.94,14.78,15.0,14.75,8874.0,13186029.0,-0.871898054996656,-0.13000000000000078,1.694915254237288,0.0
2023-12-06,14.75,14.78,14.95,14.68,10256.0,15238631.0,0.0,0.0,1.8392370572207055,0.0
2023-12-07,14.83,14.78,14.93,14.65,12278.0,18141112.0,0.0,0.0,1.9112627986348079,0.0
2023-12-08,14.85,14.17,14.85,14.14,15285.0,22046146.0,-4.12719891745602,-0.6099999999999994,5.0212164073550145,0.0
2023-12-11,14.17,14.37,14.54,14.06,17587.0,25151356.0,1.4114326040931546,0.1999999999999993,3.41394025604551,0.0
2023-12-12,14.38,14.48,14.5,14.17,10650.0,15302645.0,0.7654836464857429,0.11000000000000121,2.3288637967537054,0.0
2023-12-13,14.43,14.44,14.59,14.33,7671.0,11086787.0,-0.2762430939226568,-0.040000000000000924,1.81437543614794,0.0
2023-12-14,14.49,14.47,14.62,14.32,6644.0,9638246.0,0.20775623268698418,0.030000000000001137,2.0949720670390986,0.0
2023-12-15,14.48,14.58,14.65,14.4,8437.0,12272911.0,0.7601935038009655,0.10999999999999943,1.7361111111111112,0.0
2023-12-18,14.53,14.38,14.64,14.3,8990.0,13003450.0,-1.3717421124828433,-0.1999999999999993,2.3776223776223766,0.0
2023-12-19,14.31,14.32,14.47,14.17,6791.0,9716495.0,-0.417246175243402,-0.0600000000000005,2.117148906139737,0.0
2023-12-20,14.41,14.31,14.55,14.31,9829.0,14185105.0,-0.06983240223463749,-0.009999999999999787,1.6771488469601692,0.0
2023-12-21,14.4,14.56,14.6,14.07,11834.0,16935064.0,1.7470300489168311,0.25,3.7668798862828665,0.0
2023-12-22,14.55,14.26,14.82,14.19,10459.0,15134794.0,-2.060439560439564,-0.3000000000000007,4.439746300211422,0.0
2023-12-25,14.28,13.9,14.43,13.9,10332.0,14470033.0,-2.524544179523136,-0.35999999999999943,3.812949640287765,0.0
2023-12-26,13.93,13.72,13.99,13.65,7908.0,10906172.0,-1.2949640287769792,-0.17999999999999972,2.4908424908424895,0.0
2023-12-27,13.9,13.95,14.02,13.64,8905.0,12315017.0,1.6763848396501357,0.22999999999999865,2.785923753665682,0.0
2023-12-28,13.95,14.2,14.34,13.7,9089.0,12788152.0,1.7921146953405076,0.25,4.671532846715333,0.0
2023-12-29,14.25,14.42,14.48,14.2,9478.0,13592351.0,1.5492957746478853,0.22000000000000064,1.971830985915501,0.0
2024-01-02,14.44,14.71,14.75,14.37,9938.0,14538912.0,2.011095700416088,0.2900000000000009,2.6443980514961782,0.0
2024-01-03,14.69,14.59,14.69,14.43,10930.0,15906962.0,-0.8157715839565038,-0.120000000000001,1.8018018018018005,0.0
2024-01-04,14.59,14.69,14.72,14.43,10114.0,14740696.0,0.6854009595613331,0.09999999999999964,2.0097020097020164,0.0
2024-01-05,14.64,14.55,14.84,14.49,9410.0,13762699.0,-0.9530292716133371,-0.1399999999999988,2.415458937198065,0.0
2024-01-08,14.55,14.34,14.63,14.34,10152.0,14679973.0,-1.443298969072171,-0.21000000000000085,2.0223152022315265,0.0
2024-01-09,14.34,14.59,14.66,14.24,11436.0,16623160.0,1.7433751743375137,0.25,2.9494382022471908,0.0
2024-01-10,14.57,14.45,14.74,14.38,10119.0,14715876.0,-0.9595613433858841,-0.14000000000000057,2.5034770514603575,0.0
2024-01-11,14.54,14.4,14.68,14.37,12033.0,17391676.0,-0.34602076124566894,-0.049999999999998934,2.157272094641618,0.0
2024-01-12,14.44,14.18,14.5,14.16,11775.0,16890458.0,-1.5277777777777835,-0.22000000000000064,2.401129943502824,0.0
2024-01-15,14.25,14.31,14.35,14.06,12473.0,17744426.0,0.9167842031029716,0.13000000000000078,2.0625889046941617,0.0
2024-01-16,14.31,14.06,14.4,13.81,14628.0,20553534.0,-1.7470300489168422,-0.25,4.272266473569876,0.0
2024-01-17,14.06,13.98,14.38,13.96,18545.0,26277454.0,-0.5689900426742556,-0.08000000000000007,3.0085959885386813,0.0
2024-01-18,13.87,13.48,14.05,13.16,22660.0,30639464.0,-3.576537911301858,-0.5,6.762917933130703,0.0
2024-01-19,13.48,13.32,13.78,13.31,14491.0,19571544.0,-1.1869436201780381,-0.16000000000000014,3.531179564237407,0.0
2024-01-22,13.32,12.4,13.52,12.33,21459.0,27673210.0,-6.906906906906906,-0.9199999999999999,9.651257096512566,0.0
2024-01-23,12.4,12.03,12.63,11.88,25417.0,30583260.0,-2.9838709677419417,-0.370000000000001,6.313131313131312,0.0
2024-01-24,12.01,12.24,12.57,11.82,19321.0,23533932.0,1.7456359102244523,0.21000000000000085,6.345177664974619,0.0
2024-01-25,12.27,12.76,12.79,12.22,14620.0,18307980.0,4.2483660130719025,0.5199999999999996,4.664484451718482,0.0
2024-01-26,12.8,12.93,13.12,12.71,17095.0,22225786.0,1.3322884012539227,0.16999999999999993,3.22580645161289,0.0
2024-01-29,12.94,12.24,13.13,12.22,17513.0,21849724.0,-5.336426914153125,-0.6899999999999995,7.446808510638299,0.0
2024-01-30,12.32,11.76,12.32,11.71,15536.0,18542764.0,-3.9215686274509887,-0.4800000000000004,5.209222886421856,0.0
2024-01-31,11.7,10.88,11.8,10.83,25814.0,28847668.0,-7.482993197278908,-0.879999999999999,8.956602031394281,0.0
2024-02-01,10.75,10.61,10.91,10.28,26325.0,27863172.0,-2.4816176470588314,-0.27000000000000135,6.128404669260709,0.0
2024-02-02,10.58,10.06,10.93,9.67,28344.0,29120568.0,-5.183788878416573,-0.5499999999999989,13.029989658738364,0.0
2024-02-05,9.99,8.66,9.99,8.32,49974.0,44102316.0,-13.916500994035786,-1.4000000000000004,20.072115384615383,0.0
2024-02-06,8.22,8.73,8.9,7.78,55826.0,46032144.0,0.8083140877598094,0.07000000000000028,14.395886889460154,0.0
2024-02-07,8.59,8.06,8.67,7.75,56514.0,46060080.0,-7.674684994272618,-0.6699999999999999,11.870967741935482,0.0
2024-02-08,8.18,8.9,8.98,7.7,48808.0,41174808.0,10.421836228287829,0.8399999999999999,16.623376623376625,0.0
2024-02-19,8.9,9.19,9.5,8.81,39709.0,36450356.0,3.2584269662921272,0.28999999999999915,7.8320090805902325,0.0
2024-02-20,9.17,9.23,9.3,8.94,19615.0,17990572.0,0.43525571273124175,0.040000000000000924,4.026845637583906,0.0
2024-02-21,9.15,9.61,9.97,9.1,31140.0,29992488.0,4.11700975081255,0.379999999999999,9.560439560439573,0.0
2024-02-22,9.57,10.06,10.09,9.57,25270.0,24991550.0,4.68262226847036,0.45000000000000107,5.433646812957154,0.0
2024-02-23,10.06,10.58,10.64,10.0,21053.0,21712708.0,5.168986083499005,0.5199999999999996,6.400000000000006,0.0
2024-02-26,10.56,11.4,11.62,10.52,35687.0,39892132.0,7.750472589792068,0.8200000000000003,10.456273764258551,0.0
2024-02-27,11.4,11.94,12.06,11.03,33092.0,38982024.0,4.73684210526315,0.5399999999999991,9.338168631006358,0.0
2024-02-28,11.83,10.36,12.12,10.32,53584.0,59979928.0,-13.232830820770525,-1.58,17.441860465116267,0.0
2024-02-29,10.45,10.65,10.83,10.11,27518.0,28961454.0,2.7992277992278103,0.2900000000000009,7.121661721068256,0.0
2024-03-01,10.64,10.98,11.16,10.54,22173.0,24170282.0,3.0985915492957705,0.33000000000000007,5.88235294117648,0.0
2024-03-04,11.13,10.5,11.3,10.33,26070.0,27598778.0,-4.371584699453557,-0.4800000000000004,9.390125847047441,0.0
2024-03-05,10.38,10.19,10.5,10.13,16047.0,16481796.0,-2.952380952380962,-0.3100000000000005,3.6525172754195383,0.0
2024-03-06,10.24,10.28,10.41,10.09,11793.0,12104939.0,0.8832188420019538,0.08999999999999986,3.1714568880079312,0.0
2024-03-07,10.35,10.3,10.64,10.25,14027.0,14642652.0,0.1945525291829009,0.02000000000000135,3.8048780487804934,0.0
2024-03-08,10.47,10.3,10.47,10.12,9508.0,9778981.0,0.0,0.0,3.4584980237154292,0.0
2024-03-11,10.23,10.48,10.5,10.23,11047.0,11498185.0,1.747572815533971,0.17999999999999972,2.63929618768328,0.0
2024-03-12,10.52,10.85,10.86,10.46,14471.0,15426809.0,3.5305343511450316,0.3699999999999992,3.824091778202663,0.0
2024-03-13,10.87,10.71,10.93,10.66,12859.0,13864364.0,-1.2903225806451535,-0.1399999999999988,2.5328330206378946,0.0
2024-03-14,10.87,10.78,10.87,10.58,13242.0,14250968.0,0.6535947712418055,0.06999999999999851,2.7410207939508426,0.0
2024-03-15,10.72,11.1,11.11,10.7,15334.0,16751000.0,2.9684601113172615,0.3200000000000003,3.831775700934581,0.0
2024-03-18,11.1,11.34,11.35,11.01,20661.0,23112612.0,2.1621621621621623,0.2400000000000002,3.0881017257039045,0.0
2024-03-19,11.35,12.8,13.52,11.35,71772.0,91316240.0,12.874779541446223,1.4600000000000009,19.11894273127753,0.0
2024-03-20,12.55,12.86,12.87,12.15,50034.0,62780792.0,0.46874999999999556,0.05999999999999872,5.925925925925917,0.0
2024-03-21,12.77,12.65,13.48,12.58,34577.0,45012604.0,-1.6329704510108844,-0.20999999999999908,7.15421303656598,0.0
2024-03-22,12.65,12.73,12.92,12.32,23034.0,29059282.0,0.6324110671936722,0.08000000000000007,4.870129870129867,0.0
2024-03-25,12.64,12.12,12.73,12.1,17738.0,22020122.0,-4.791830322073853,-0.6100000000000012,5.20661157024794,0.0
2024-03-26,12.11,12.9,13.25,12.06,43112.0,55376312.0,6.435643564356441,0.7800000000000011,9.867330016583743,0.0
2024-03-27,12.9,12.25,12.98,12.2,22249.0,27850080.0,-5.038759689922479,-0.6500000000000004,6.393442622950829,0.0
2024-03-28,12.14,12.9,13.07,12.05,26992.0,34342176.0,5.306122448979589,0.6500000000000004,8.464730290456428,0.0
2024-03-29,12.99,13.11,13.11,12.83,20513.0,26645928.0,1.6279069767441756,0.20999999999999908,2.18238503507404,0.0
2024-04-01,13.11,12.84,13.8,12.5,35490.0,45788360.0,-2.059496567505714,-0.2699999999999996,10.400000000000006,0.0
2024-04-02,12.84,12.95,13.04,12.67,19646.0,25205202.0,0.8566978193146335,0.10999999999999943,2.9202841357537426,0.0
2024-04-03,12.89,12.84,13.0,12.62,11869.0,15219808.0,-0.8494208494208455,-0.10999999999999943,3.0110935023771854,0.0
2024-04-08,12.84,12.41,12.84,12.41,13664.0,17262982.0,-3.3489096573208754,-0.4299999999999997,3.464947622884768,0.0
2024-04-09,12.47,12.6,12.69,12.4,10353.0,13002026.0,1.5310233682514163,0.1899999999999995,2.338709677419348,0.0
2024-04-10,12.62,12.21,12.62,12.05,11010.0,13520745.0,-3.0952380952380842,-0.3899999999999988,4.730290456431523,0.0
2024-04-11,12.16,13.38,13.92,12.12,44330.0,58717592.0,9.58230958230959,1.17,14.85148514851486,0.0
2024-04-12,13.25,12.96,13.38,12.84,20371.0,26676268.0,-3.139013452914796,-0.41999999999999993,4.205607476635522,0.0
2024-04-15,12.83,11.97,12.93,11.73,30633.0,37435168.0,-7.638888888888895,-0.9900000000000002,10.230179028132987,0.0
2024-04-16,11.8,10.62,11.8,10.4,25638.0,27704574.0,-11.27819548872182,-1.3500000000000014,13.461538461538463,0.0
2024-04-17,10.95,11.59,11.83,10.95,14774.0,17010150.0,9.133709981167627,0.9700000000000006,8.036529680365305,0.0
2024-04-18,11.55,11.62,12.06,11.25,13265.0,15420534.0,0.2588438308886998,0.02999999999999936,7.200000000000005,0.0
2024-04-19,11.5,11.5,11.84,11.38,10053.0,11620556.0,-1.03270223752151,-0.11999999999999922,4.042179261862909,0.0
2024-04-22,11.42,11.16,11.63,11.05,7742.0,8720343.0,-2.9565217391304355,-0.33999999999999986,5.248868778280543,0.0
2024-04-23,11.2,12.01,12.17,11.2,18803.0,22126472.0,7.6164874551971185,0.8499999999999996,8.660714285714292,0.0
2024-04-24,11.9,12.69,12.69,11.85,16399.0,20224956.0,5.661948376353032,0.6799999999999997,7.088607594936708,0.0
2024-04-25,12.69,12.68,12.87,12.39,10615.0,13428891.0,-0.07880220646178104,-0.009999999999999787,3.874092009685219,0.0
2024-04-26,12.6,12.76,13.1,12.58,15886.0,20452858.0,0.6309148264984188,0.08000000000000007,4.133545310015895,0.0
2024-04-29,12.86,13.25,13.32,12.6,17775.0,23251092.0,3.840125391849525,0.4900000000000002,5.71428571428572,0.0
2024-04-30,13.15,14.05,14.44,13.15,38863.0,54324220.0,6.037735849056602,0.8000000000000007,9.809885931558929,0.0
2024-05-06,14.33,14.69,15.05,14.29,32933.0,48439156.0,4.555160142348735,0.6399999999999988,5.318404478656414,0.0
2024-05-07,14.58,14.55,14.87,14.25,20201.0,29319322.0,-0.9530292716133371,-0.1399999999999988,4.35087719298245,0.0
2024-05-08,14.45,14.5,14.81,14.41,13865.0,20213376.0,-0.3436426116838587,-0.05000000000000071,2.7758501040943813,0.0
2024-05-09,14.5,14.31,14.64,14.08,19206.0,27416208.0,-1.3103448275862073,-0.1899999999999995,3.9772727272727306,0.0
2024-05-10,14.32,14.15,14.39,14.08,8034.0,11421588.0,-1.1180992313067795,-0.16000000000000014,2.201704545454549,0.0
2024-05-13,13.91,13.53,13.92,13.3,15860.0,21561840.0,-4.381625441696125,-0.620000000000001,4.66165413533834,0.0
2024-05-14,13.53,13.58,13.76,13.45,9094.0,12372219.0,0.3695491500369519,0.05000000000000071,2.3048327137546507,0.0
2024-05-15,13.58,13.55,13.79,13.49,9317.0,12706447.0,-0.22091310751104487,-0.02999999999999936,2.2238695329873903,0.0
2024-05-16,13.7,13.55,13.96,13.47,12746.0,17432328.0,0.0,0.0,3.6377134372680047,0.0
2024-05-17,13.57,13.6,13.72,13.42,9782.0,13276145.0,0.36900369003689537,0.049999999999998934,2.235469448584208,0.0
2024-05-20,13.63,13.26,13.66,13.2,12610.0,16860086.0,-2.500000000000002,-0.33999999999999986,3.4848484848484915,0.0
2024-05-21,13.32,13.19,13.45,13.05,8563.0,11365732.0,-0.5279034690799378,-0.07000000000000028,3.0651340996168472,0.0
2024-05-22,13.38,13.26,13.44,13.18,8259.0,11003472.0,0.5307050796057533,0.07000000000000028,1.972685887708648,0.0
2024-05-23,13.08,12.72,13.25,12.68,14421.0,18552530.0,-4.072398190045245,-0.5399999999999991,4.495268138801264,0.0
2024-05-24,12.74,12.41,12.79,12.35,10129.0,12730496.0,-2.437106918238996,-0.3100000000000005,3.5627530364372433,0.0
2024-05-27,12.69,12.58,12.69,12.15,8863.0,10976652.0,1.3698630136986356,0.16999999999999993,4.444444444444437,0.0
2024-05-28,12.58,12.25,12.58,12.18,7199.0,8876892.0,-2.6232114467408585,-0.33000000000000007,3.284072249589494,0.0
2024-05-29,12.16,12.31,12.54,12.12,8401.0,10386421.0,0.4897959183673528,0.0600000000000005,3.465346534653465,0.0
2024-05-30,12.23,12.25,12.46,12.15,9130.0,11247755.0,-0.4874086108854647,-0.0600000000000005,2.551440329218111,0.0
2024-05-31,12.24,12.54,12.56,12.18,7367.0,9143144.0,2.367346938775494,0.28999999999999915,3.119868637110023,0.0
2024-06-03,12.54,11.72,12.58,11.66,21019.0,25200200.0,-6.539074960127578,-0.8199999999999985,7.890222984562606,0.0
2024-06-04,11.59,11.13,11.69,11.01,20841.0,23357310.0,-5.034129692832767,-0.5899999999999999,6.176203451407809,0.0
2024-06-05,11.1,10.92,11.39,10.87,17284.0,19239254.0,-1.8867924528301994,-0.21000000000000085,4.783808647654107,0.0
2024-06-06,10.92,10.27,11.03,10.09,20439.0,21335738.0,-5.952380952380953,-0.6500000000000004,9.316154608523286,0.0
2024-06-07,10.39,11.13,11.26,10.37,23171.0,25167206.0,8.373904576436232,0.8600000000000012,8.582449373191906,0.0
2024-06-11,11.13,10.95,11.15,10.74,12970.0,14191402.0,-1.6172506738544645,-0.1800000000000015,3.817504655493484,0.0
2024-06-12,11.0,11.32,11.4,10.91,12220.0,13692215.0,3.3789954337899664,0.370000000000001,4.491292392300643,0.0
2024-06-13,11.37,11.22,11.4,11.09,10310.0,11553109.0,-0.8833922261484051,-0.09999999999999964,2.795311091073043,0.0
2024-06-14,11.16,11.18,11.31,10.91,8183.0,9121913.0,-0.35650623885918886,-0.040000000000000924,3.6663611365719557,0.0
2024-06-17,11.18,11.11,11.24,10.9,8882.0,9873761.0,-0.6261180679785316,-0.07000000000000028,3.11926605504587,0.0
2024-06-18,11.18,12.41,12.99,11.06,34949.0,42506932.0,11.701170117011706,1.3000000000000007,17.4502712477396,0.0
2024-06-19,12.53,12.9,13.18,12.0,41108.0,52383944.0,3.948428686543104,0.4900000000000002,9.833333333333332,0.0
2024-06-20,12.91,13.06,13.26,12.67,29135.0,37868296.0,1.240310077519391,0.16000000000000014,4.656669297553274,0.0
2024-06-21,13.05,12.85,13.16,12.69,15322.0,19833668.0,-1.607963246554367,-0.21000000000000085,3.703703703703709,0.0
2024-06-24,12.7,12.52,13.0,12.37,18234.0,23169756.0,-2.5680933852140098,-0.33000000000000007,5.092966855295075,0.0
2024-06-25,12.66,12.49,12.95,12.33,13850.0,17536164.0,-0.23961661341852514,-0.02999999999999936,5.028386050283854,0.0
2024-06-26,12.45,12.75,12.78,12.3,12812.0,16077312.0,2.081665332265814,0.2599999999999998,3.9024390243902327,0.0
2024-06-27,12.63,12.52,12.83,12.46,9959.0,12601768.0,-1.8039215686274535,-0.23000000000000043,2.9695024077046486,0.0
2024-06-28,12.51,11.86,12.63,11.4,27086.0,32541878.0,-5.271565495207664,-0.6600000000000001,10.78947368421053,0.0
2024-07-01,11.98,11.84,12.66,11.64,21637.0,25863152.0,-0.1686340640809414,-0.019999999999999574,8.76288659793814,0.0
2024-07-02,11.78,12.72,13.0,11.75,32349.0,40530280.0,7.432432432432434,0.8800000000000008,10.638297872340425,0.0
2024-07-03,12.57,12.7,12.95,12.57,18048.0,22937416.0,-0.15723270440252124,-0.02000000000000135,3.02307080350039,0.0
2024-07-04,12.75,12.13,12.79,12.06,16103.0,19889360.0,-4.488188976377938,-0.5699999999999985,6.053067993366489,0.0
2024-07-05,12.1,12.42,12.89,11.9,15743.0,19534446.0,2.3907666941467287,0.28999999999999915,8.319327731092438,0.0
2024-07-08,12.59,13.3,13.46,12.35,42551.0,55713768.0,7.085346215781008,0.8800000000000008,8.987854251012156,0.0
2024-07-09,13.3,13.54,13.63,13.02,29825.0,39934848.0,1.8045112781954753,0.23999999999999844,4.6850998463901785,0.0
2024-07-10,13.5,13.3,13.65,13.26,17385.0,23333726.0,-1.7725258493352936,-0.23999999999999844,2.94117647058824,0.0
2024-07-11,13.4,13.46,13.55,13.15,16565.0,22124788.0,1.2030075187969835,0.16000000000000014,3.041825095057037,0.0
2024-07-12,13.46,13.11,13.47,13.05,11675.0,15425905.0,-2.600297176820221,-0.3500000000000014,3.2183908045977003,0.0
2024-07-15,13.28,12.98,13.28,12.84,11112.0,14429380.0,-0.9916094584286772,-0.129999999999999,3.4267912772585634,0.0
2024-07-16,12.95,12.5,12.95,12.4,16453.0,20729374.0,-3.6979969183358996,-0.4800000000000004,4.435483870967733,0.0
2024-07-17,12.45,12.22,12.57,12.17,14875.0,18304318.0,-2.2399999999999975,-0.27999999999999936,3.286770747740348,0.0
2024-07-18,12.2,12.22,12.43,11.81,9153.0,11086170.0,0.0,0.0,5.249788314987292,0.0
2024-07-19,12.18,12.37,12.65,12.18,14077.0,17520466.0,1.227495908346965,0.14999999999999858,3.8587848932676567,0.0
2024-07-22,12.33,12.37,12.48,12.19,8386.0,10345410.0,0.0,0.0,2.3789991796554633,0.0
2024-07-23,12.33,12.2,12.48,12.2,7152.0,8804385.0,-1.3742926434923142,-0.16999999999999993,2.2950819672131244,0.0
2024-07-24,12.29,11.85,12.29,11.85,8585.0,10289537.0,-2.868852459016391,-0.34999999999999964,3.713080168776367,0.0
2024-07-25,11.85,11.92,12.09,11.76,5126.0,6103766.0,0.5907172995780696,0.07000000000000028,2.8061224489795924,0.0
2024-07-26,11.99,12.39,12.79,11.99,17919.0,22204296.0,3.942953020134232,0.47000000000000064,6.6722268557130855,0.0
2024-07-29,12.62,12.06,12.62,11.99,12831.0,15559037.0,-2.6634382566586012,-0.33000000000000007,5.254378648874054,0.0
2024-07-30,12.04,12.1,12.16,11.87,5573.0,6688584.0,0.3316749585406287,0.03999999999999915,2.443133951137329,0.0
2024-07-31,12.13,12.47,12.62,12.05,12990.0,16175485.0,3.05785123966944,0.370000000000001,4.730290456431523,0.0
2024-08-01,12.46,12.52,12.78,12.31,13213.0,16552698.0,0.400962309542896,0.049999999999998934,3.8180341186027524,0.0
2024-08-02,12.4,12.14,12.49,12.14,7018.0,8633491.0,-3.0351437699680406,-0.379999999999999,2.8830313014826987,0.0
2024-08-05,12.03,11.71,12.24,11.68,10239.0,12232693.0,-3.542009884678743,-0.4299999999999997,4.79452054794521,0.0
2024-08-06,11.86,12.09,12.14,11.86,7111.0,8550829.0,3.2450896669513174,0.379999999999999,2.3608768971332306,0.0
2024-08-07,12.15,11.97,12.18,11.96,7244.0,8727084.0,-0.992555831265507,-0.11999999999999922,1.8394648829431341,0.0
2024-08-08,11.97,12.0,12.1,11.6,9691.0,11510173.0,0.25062656641603454,0.02999999999999936,4.310344827586207,0.0
2024-08-09,12.04,12.59,12.88,11.92,30775.0,38123144.0,4.916666666666658,0.5899999999999999,8.053691275167793,0.0
2024-08-12,12.59,12.4,12.59,12.19,11974.0,14778886.0,-1.5091342335186608,-0.1899999999999995,3.2813781788351135,0.0
2024-08-13,12.35,12.4,12.52,12.17,9727.0,12013398.0,0.0,0.0,2.875924404272799,0.0
2024-08-14,12.37,12.49,12.52,12.36,5838.0,7264641.0,0.7258064516129092,0.08999999999999986,1.294498381877024,0.0
2024-08-15,12.49,12.57,12.57,12.24,7528.0,9367021.0,0.6405124099279513,0.08000000000000007,2.6960784313725497,0.0
2024-08-16,12.54,12.86,12.95,12.54,10196.0,13063461.0,2.3070803500397696,0.28999999999999915,3.2695374800637973,0.0
2024-08-19,12.93,12.32,12.93,12.3,10895.0,13619256.0,-4.19906687402799,-0.5399999999999991,5.121951219512186,0.0
2024-08-20,12.48,12.23,12.48,12.21,4798.0,5887333.0,-0.7305194805194759,-0.08999999999999986,2.2113022113022076,0.0
2024-08-21,12.25,12.64,12.77,12.2,8822.0,11072317.0,3.3524121013900343,0.41000000000000014,4.672131147540986,0.0
2024-08-22,12.78,12.43,12.78,12.38,6194.0,7746853.0,-1.6613924050633,-0.21000000000000085,3.2310177705977265,0.0
2024-08-23,12.33,12.34,12.48,12.22,6373.0,7842075.0,-0.7240547063555924,-0.08999999999999986,2.1276595744680833,0.0
2024-08-26,12.34,12.08,12.39,11.91,7308.0,8852187.0,-2.1069692058346856,-0.2599999999999998,4.030226700251893,0.0
2024-08-27,12.18,11.92,12.18,11.8,7595.0,9036812.0,-1.3245033112582738,-0.16000000000000014,3.220338983050839,0.0
2024-08-28,11.87,12.3,12.8,11.81,12326.0,15145087.0,3.187919463087252,0.3800000000000008,8.382726502963592,0.0
2024-08-29,12.38,12.29,12.48,12.1,6380.0,7858837.5,-0.08130081300814496,-0.010000000000001563,3.1404958677686015,0.0
2024-08-30,12.48,12.33,12.48,12.25,7171.0,8881134.0,0.32546786004883366,0.040000000000000924,1.8775510204081667,0.0
2024-09-02,12.37,11.98,12.42,11.98,7826.0,9477689.0,-2.838605028386043,-0.34999999999999964,3.6727879799666066,0.0
2024-09-03,12.09,11.78,12.09,11.77,10855.0,12879046.0,-1.6694490818030094,-0.20000000000000107,2.718776550552254,0.0
2024-09-04,11.81,11.27,11.81,10.97,20435.0,23169798.0,-4.329371816638372,-0.5099999999999998,7.657247037374656,0.0
2024-09-05,11.28,11.35,11.72,11.27,13269.0,15162800.0,0.709849157054121,0.08000000000000007,3.992901508429468,0.0
2024-09-06,11.33,11.1,11.33,10.93,13459.0,14907240.0,-2.2026431718061623,-0.25,3.6596523330283652,0.0
2024-09-09,10.93,10.99,11.11,10.76,11459.0,12537096.0,-0.9909909909909809,-0.10999999999999943,3.252788104089216,0.0
2024-09-10,10.99,11.02,11.09,10.78,8566.0,9411867.0,0.27297543221109777,0.02999999999999936,2.8756957328385946,0.0
2024-09-11,11.05,11.07,11.36,10.98,8697.0,9727966.0,0.45372050816696596,0.05000000000000071,3.4608378870673864,0.0
2024-09-12,11.13,10.98,11.21,10.86,6674.0,7361493.0,-0.8130081300812941,-0.08999999999999986,3.222836095764286,0.0
2024-09-13,10.99,10.78,11.03,10.77,7010.0,7619737.5,-1.821493624772319,-0.20000000000000107,2.414113277623025,0.0
2024-09-18,10.76,10.75,10.83,10.48,9448.0,10033302.0,-0.2782931354359919,-0.02999999999999936,3.3396946564885464,0.0
2024-09-19,10.81,10.84,11.05,10.59,8659.0,9448254.0,0.8372093023255811,0.08999999999999986,4.3437204910292815,0.0
2024-09-20,10.91,10.67,10.91,10.66,6370.0,6833040.5,-1.568265682656822,-0.16999999999999993,2.345215759849906,0.0
2024-09-23,10.67,10.69,10.88,10.58,4783.0,5131234.5,0.18744142455482393,0.019999999999999574,2.8355387523629556,0.0
2024-09-24,10.74,10.89,10.95,10.31,11763.0,12729998.0,1.8709073900841977,0.20000000000000107,6.207565470417059,0.0
2024-09-25,10.96,10.95,11.26,10.95,11391.0,12640137.0,0.550964187327807,0.05999999999999872,2.831050228310507,0.0
2024-09-26,10.94,11.3,11.31,10.92,14254.0,15852621.0,3.1963470319634757,0.3500000000000014,3.571428571428577,0.0
2024-09-27,11.52,11.8,11.92,11.22,30318.0,35169920.0,4.424778761061954,0.5,6.238859180035644,0.0
2024-09-30,12.2,13.33,13.45,11.7,90465.0,114583560.0,12.966101694915256,1.5299999999999994,14.957264957264957,0.0
2024-10-08,15.26,14.08,15.45,13.0,97329.0,137853936.0,5.626406601650413,0.75,18.84615384615384,0.0
2024-10-09,13.41,12.1,13.5,12.06,61142.0,78021904.0,-14.0625,-1.9800000000000004,11.940298507462682,0.0
2024-10-10,12.22,12.25,12.61,12.01,34593.0,42586420.0,1.2396694214876103,0.15000000000000036,4.995836802664443,0.0
2024-10-11,12.18,11.84,12.28,11.71,27891.0,33369790.0,-3.3469387755102,-0.41000000000000014,4.8676345004269725,0.0
2024-10-14,11.93,11.99,12.05,11.65,20685.0,24621788.0,1.266891891891886,0.15000000000000036,3.433476394849788,0.0
2024-10-15,11.95,11.85,12.25,11.82,23686.0,28573910.0,-1.1676396997498006,-0.14000000000000057,3.637901861252112,0.0
2024-10-16,11.95,11.87,12.04,11.79,22696.0,27013444.0,0.16877637130801038,0.019999999999999574,2.1204410517387617,0.0
2024-10-17,11.98,11.65,12.1,11.61,22773.0,26961802.0,-1.8534119629317503,-0.21999999999999886,4.220499569336781,0.0
2024-10-18,11.59,11.95,12.17,11.52,30342.0,35707272.0,2.5751072961373245,0.29999999999999893,5.642361111111114,0.0
2024-10-21,11.96,11.95,12.14,11.82,24987.0,29885216.0,0.0,0.0,2.7072758037225064,0.0
2024-10-22,11.94,12.17,12.2,11.9,25812.0,31149214.0,1.8410041841004254,0.22000000000000064,2.5210084033613356,0.0
2024-10-23,12.17,12.15,12.28,12.07,22952.0,27942784.0,-0.16433853738700988,-0.019999999999999574,1.7398508699254274,0.0
2024-10-24,12.09,12.14,12.17,11.92,17248.0,20808468.0,-0.08230452674896638,-0.009999999999999787,2.097315436241611,0.0
2024-10-25,12.19,12.75,13.21,12.19,59639.0,75958296.0,5.0247116968698435,0.6099999999999994,8.367514356029544,0.0
2024-10-28,12.75,13.77,14.27,12.62,66482.0,89504992.0,8.000000000000007,1.0199999999999996,13.074484944532491,0.0
2024-10-29,13.87,13.96,14.19,13.37,62915.0,86277736.0,1.3798111837327598,0.19000000000000128,6.133133881824984,0.0
2024-10-30,13.96,13.85,14.48,13.56,49592.0,69295600.0,-0.7879656160458492,-0.11000000000000121,6.784660766961652,0.0
2024-10-31,13.99,13.48,14.08,13.4,40517.0,55330388.0,-2.6714801444043257,-0.3699999999999992,5.07462686567164,0.0
2024-11-01,13.48,14.84,15.99,13.48,118886.0,176094160.0,10.089020771513347,1.3599999999999994,18.620178041543024,0.0
2024-11-04,14.9,14.31,15.0,14.03,74615.0,106973904.0,-3.57142857142857,-0.5299999999999994,6.913756236635786,0.0
2024-11-05,14.23,14.34,14.48,13.85,65657.0,92917456.0,0.20964360587001352,0.02999999999999936,4.548736462093869,0.0
2024-11-06,14.4,14.19,14.85,14.02,59463.0,85188840.0,-1.0460251046025104,-0.15000000000000036,5.920114122681884,0.0
2024-11-07,14.05,15.55,15.95,14.05,116416.0,175076176.0,9.584214235377031,1.3600000000000012,13.523131672597854,0.0
2024-11-08,15.25,15.79,16.25,15.01,80600.0,126822064.0,1.5434083601286064,0.23999999999999844,8.26115922718188,0.0
2024-11-11,15.68,15.92,16.99,15.5,83364.0,134130416.0,0.8233058898036827,0.13000000000000078,9.612903225806441,0.0
2024-11-12,16.1,16.22,16.8,15.84,69301.0,112769872.0,1.8844221105527525,0.29999999999999893,6.060606060606066,0.0
2024-11-13,15.98,15.7,16.3,15.4,41128.0,64647164.0,-3.205918618988901,-0.5199999999999996,5.844155844155846,0.0
2024-11-14,15.56,15.05,15.7,15.02,24804.0,37874544.0,-4.14012738853502,-0.6499999999999986,4.527296937416776,0.0
2024-11-15,14.9,14.51,15.14,14.46,26240.0,38825912.0,-3.588039867109638,-0.5400000000000009,4.7026279391424595,0.0
2024-11-18,14.55,14.15,14.72,13.94,24052.0,34286832.0,-2.481047553411442,-0.35999999999999943,5.5954088952654315,0.0
2024-11-19,14.21,14.39,14.39,13.89,25610.0,36168552.0,1.6961130742049413,0.2400000000000002,3.599712023038157,0.0
2024-11-20,14.28,14.42,14.49,14.1,25385.0,36351348.0,0.20847810979847115,0.02999999999999936,2.765957446808515,0.0
2024-11-21,14.47,14.27,14.5,14.05,21588.0,30753124.0,-1.0402219140083213,-0.15000000000000036,3.2028469750889625,0.0
2024-11-22,14.26,13.64,14.4,13.57,22294.0,31187948.0,-4.41485634197617,-0.629999999999999,6.116433308769344,0.0
2024-11-25,13.59,14.0,14.04,13.56,19220.0,26655596.0,2.639296187683282,0.35999999999999943,3.539823008849548,0.0
2024-11-26,14.09,14.15,14.55,13.95,26604.0,38095360.0,1.0714285714285676,0.15000000000000036,4.301075268817215,0.0
2024-11-27,14.21,14.3,14.34,13.57,21322.0,29634504.0,1.0600706713780994,0.15000000000000036,5.674281503316135,0.0
2024-11-28,14.32,14.75,15.4,14.27,47354.0,71076544.0,3.1468531468531458,0.4499999999999993,7.918710581639809,0.0
2024-11-29,14.75,15.1,15.32,14.75,31361.0,47172276.0,2.3728813559322104,0.34999999999999964,3.864406779661019,0.0
2024-12-02,15.11,15.94,16.2,14.93,59280.0,93202144.0,5.562913907284761,0.8399999999999999,8.506363027461484,0.0
2024-12-03,15.92,15.74,16.37,15.55,41397.0,65857376.0,-1.2547051442910906,-0.1999999999999993,5.273311897106111,0.0
2024-12-04,15.65,16.5,16.5,15.33,68159.0,108462216.0,4.828462515883092,0.7599999999999998,7.632093933463796,0.0
2024-12-05,16.19,15.76,16.43,15.6,50475.0,80206160.0,-4.4848484848484915,-0.7400000000000002,5.320512820512821,0.0
2024-12-06,15.69,15.87,16.1,15.35,38265.0,60127252.0,0.6979695431472033,0.10999999999999943,4.8859934853420315,0.0
2024-12-09,15.86,15.79,16.09,15.49,25366.0,40051868.0,-0.504095778197855,-0.08000000000000007,3.873466752743703,0.0
2024-12-10,16.19,16.45,17.5,16.0,75457.0,126532328.0,4.179860671310953,0.6600000000000001,9.375,0.0
2024-12-11,16.39,16.91,17.81,16.15,69282.0,117349032.0,2.7963525835866365,0.46000000000000085,10.278637770897834,0.0
2024-12-12,16.78,16.62,16.91,16.3,42360.0,69968488.0,-1.714961561206385,-0.28999999999999915,3.742331288343555,0.0
2024-12-13,16.59,16.2,16.59,16.03,27297.0,44401932.0,-2.527075812274382,-0.4200000000000017,3.49344978165938,0.0
2024-12-16,16.32,16.3,16.71,16.15,24192.0,39736436.0,0.6172839506172867,0.10000000000000142,3.467492260061934,0.0
2024-12-17,16.3,15.41,16.43,15.3,30482.0,47808144.0,-5.460122699386504,-0.8900000000000006,7.385620915032673,0.0
2024-12-18,15.62,15.6,15.85,15.1,23695.0,36897040.0,1.2329656067488592,0.1899999999999995,4.966887417218543,0.0
2024-12-19,15.55,16.63,16.79,15.21,51196.0,83383768.0,6.602564102564101,1.0299999999999994,10.387902695594992,0.0
2024-12-20,16.55,17.58,17.95,16.4,65327.0,114279232.0,5.712567648827416,0.9499999999999993,9.451219512195127,0.0
2024-12-23,17.6,17.03,17.89,16.68,45863.0,78509640.0,-3.1285551763367336,-0.5499999999999972,7.254196642685856,0.0
2024-12-24,17.03,16.71,17.48,16.6,30043.0,50864600.0,-1.8790369935408169,-0.3200000000000003,5.301204819277102,0.0
2024-12-25,16.71,16.28,16.89,15.8,27018.0,43964208.0,-2.5733093955715103,-0.4299999999999997,6.898734177215189,0.0
2024-12-26,16.3,16.64,16.96,16.28,21193.0,35229200.0,2.211302211302213,0.35999999999999943,4.176904176904174,0.0
2024-12-27,16.65,16.77,17.1,16.33,22364.0,37596416.0,0.78125,0.129999999999999,4.7152480097979375,0.0
2024-12-30,16.68,16.68,16.93,16.42,16866.0,28019304.0,-0.536672629695889,-0.08999999999999986,3.105968331303276,0.0
2024-12-31,16.78,15.83,17.02,15.83,28150.0,45850868.0,-5.0959232613908885,-0.8499999999999996,7.517372078332277,0.0
2025-01-02,15.86,15.55,16.13,15.36,20032.0,31500636.0,-1.7687934301958252,-0.27999999999999936,5.01302083333333,0.0
2025-01-03,15.7,14.55,15.74,14.45,23518.0,35430708.0,-6.430868167202575,-1.0,8.927335640138415,0.0
2025-01-06,14.53,14.3,14.74,13.73,18741.0,26804632.0,-1.718213058419249,-0.25,7.3561544064093205,0.0
2025-01-07,14.27,14.75,14.75,14.27,16750.0,24379900.0,3.1468531468531458,0.4499999999999993,3.363700070077088,0.0
2025-01-08,14.6,14.83,14.93,14.28,13839.0,20258904.0,0.5423728813559237,0.08000000000000007,4.551820728291319,0.0
2025-01-09,14.83,14.79,15.11,14.64,12649.0,18795960.0,-0.2697235333782966,-0.040000000000000924,3.210382513661194,0.0
2025-01-10,14.79,14.08,14.82,14.08,14285.0,20603668.0,-4.80054090601757,-0.7099999999999991,5.25568181818182,0.0
2025-01-13,14.07,13.91,14.14,13.7,11312.0,15711921.0,-1.2073863636363646,-0.16999999999999993,3.211678832116798,0.0
2025-01-14,14.05,14.68,14.73,14.05,16361.0,23653986.0,5.535585909417673,0.7699999999999996,4.839857651245549,0.0
2025-01-15,14.83,14.68,14.92,14.6,11741.0,17294236.0,0.0,0.0,2.1917808219178103,0.0
2025-01-16,14.76,14.47,15.11,14.32,13709.0,20043668.0,-1.4305177111716527,-0.20999999999999908,5.516759776536307,0.0
2025-01-17,14.57,14.64,14.7,14.3,12099.0,17583940.0,1.1748445058742174,0.16999999999999993,2.7972027972027873,0.0
2025-01-20,14.67,15.26,16.19,14.67,27709.0,42739376.0,4.234972677595628,0.6199999999999992,10.361281526925708,0.0
2025-01-21,15.52,15.16,15.65,14.87,17970.0,27239732.0,-0.6553079947575369,-0.09999999999999964,5.245460659045065,0.0
2025-01-22,15.0,14.83,15.16,14.64,17226.0,25672668.0,-2.176781002638528,-0.33000000000000007,3.5519125683060078,0.0
2025-01-23,15.0,15.03,15.24,14.9,14853.0,22378000.0,1.3486176668914274,0.1999999999999993,2.2818791946308714,0.0
2025-01-24,15.03,15.09,15.18,14.8,15457.0,23188638.0,0.3992015968063978,0.0600000000000005,2.567567567567561,0.0
2025-01-27,15.1,15.38,15.7,15.01,22214.0,34105932.0,1.9218025182240028,0.2900000000000009,4.596935376415719,0.0
2025-02-05,15.49,14.28,15.51,14.2,26210.0,38584444.0,-7.152145643693119,-1.1000000000000014,9.225352112676061,0.0
2025-02-06,14.71,14.5,14.71,14.16,18961.0,27424344.0,1.540616246498594,0.22000000000000064,3.8841807909604573,0.0
2025-02-07,14.51,14.76,14.76,14.4,21427.0,31204092.0,1.7931034482758568,0.2599999999999998,2.499999999999996,0.0
2025-02-10,14.73,15.16,15.46,14.6,21595.0,32297672.0,2.7100271002709952,0.40000000000000036,5.890410958904118,0.0
2025-02-11,15.12,15.0,15.19,14.82,11642.0,17406512.0,-1.055408970976257,-0.16000000000000014,2.496626180836702,0.0
2025-02-12,14.91,14.99,15.11,14.83,12010.0,17970920.0,-0.06666666666667043,-0.009999999999999787,1.8880647336480063,0.0
2025-02-13,14.98,14.72,15.18,14.67,14180.0,21105428.0,-1.8012008005336866,-0.2699999999999996,3.476482617586911,0.0
2025-02-14,14.6,14.56,14.73,14.5,8340.0,12174491.0,-1.0869565217391353,-0.16000000000000014,1.586206896551727,0.0
2025-02-17,14.7,14.66,14.87,14.58,11197.0,16435201.0,0.6868131868131844,0.09999999999999964,1.9890260631001313,0.0
2025-02-18,14.66,14.24,14.67,14.19,11753.0,16958844.0,-2.8649386084583894,-0.41999999999999993,3.3826638477801296,0.0
2025-02-19,14.37,14.62,14.84,14.26,15435.0,22430952.0,2.6685393258427004,0.379999999999999,4.0673211781206176,0.0
2025-02-20,14.72,14.84,15.1,14.47,15866.0,23535118.0,1.5047879616963078,0.22000000000000064,4.35383552176917,0.0
2025-02-21,14.81,14.65,14.99,14.31,17970.0,26106590.0,-1.2803234501347682,-0.1899999999999995,4.751921733053806,0.0
2025-02-24,14.58,14.68,14.76,14.41,14970.0,21839792.0,0.20477815699657675,0.02999999999999936,2.4288688410825787,0.0
2025-02-25,14.52,14.55,14.75,14.43,11898.0,17320728.0,-0.8855585831062607,-0.129999999999999,2.2176022176022196,0.0
2025-02-26,14.61,14.66,14.96,14.47,16693.0,24452720.0,0.7560137457044647,0.10999999999999943,3.386316516931584,0.0
2025-02-27,14.66,14.75,14.83,14.37,27405.0,40120904.0,0.6139154160982319,0.08999999999999986,3.201113430758531,0.0
2025-02-28,14.78,14.3,14.99,14.28,19801.0,28974470.0,-3.050847457627115,-0.4499999999999993,4.971988795518214,0.0
2025-03-03,14.31,14.36,14.69,14.3,17056.0,24709946.0,0.41958041958041203,0.05999999999999872,2.7272727272727186,0.0
2025-03-04,14.22,14.52,14.59,14.05,12547.0,18133618.0,1.1142061281337101,0.16000000000000014,3.843416370106755,0.0
2025-03-05,14.52,14.37,14.52,14.1,13371.0,19035764.0,-1.0330578512396715,-0.15000000000000036,2.9787234042553186,0.0
2025-03-06,14.35,14.73,14.75,14.31,18308.0,26753490.0,2.5052192066805867,0.3600000000000012,3.0747728860936374,0.0
2025-03-07,14.1,14.54,14.75,14.1,12345.0,17968452.0,-1.2898845892736044,-0.19000000000000128,4.609929078014187,0.0
2025-03-10,14.46,14.64,14.77,14.43,12606.0,18385216.0,0.687757909215958,0.10000000000000142,2.3562023562023553,0.0
2025-03-11,14.52,14.66,14.68,14.41,9787.0,14267021.0,0.1366120218579292,0.019999999999999574,1.8736988202637028,0.0
2025-03-12,14.66,14.81,14.99,14.63,19336.0,28638348.0,1.023192360163705,0.15000000000000036,2.460697197539299,0.0
2025-03-13,14.72,14.51,14.8,14.29,17385.0,25165820.0,-2.025658338960168,-0.3000000000000007,3.56892932120365,0.0
2025-03-14,14.53,14.91,14.98,14.4,25406.0,37598080.0,2.7567195037904835,0.40000000000000036,4.027777777777778,0.0
2025-03-17,14.99,15.15,15.25,14.86,22976.0,34604884.0,1.6096579476861272,0.2400000000000002,2.624495289367433,0.0
2025-03-18,15.18,15.57,15.8,15.0,49684.0,76900512.0,2.7722772277227747,0.41999999999999993,5.3333333333333375,0.0
2025-03-19,15.54,15.2,15.71,15.11,22384.0,34250676.0,-2.3763648041104757,-0.370000000000001,3.9708802117802873,0.0
2025-03-20,15.26,15.6,15.77,15.18,34215.0,53083928.0,2.6315789473684292,0.40000000000000036,3.8866930171277985,0.0
2025-03-21,15.55,15.87,15.99,15.35,35132.0,55062184.0,1.7307692307692246,0.2699999999999996,4.16938110749186,0.0
2025-03-24,16.14,19.04,19.04,16.14,84694.0,156812416.0,19.97479521109011,3.17,17.967781908302342,0.0
2025-03-25,21.8,18.58,21.8,18.42,197028.0,386128384.0,-2.4159663865546244,-0.46000000000000085,18.34961997828447,0.0
2025-03-26,18.0,17.66,18.3,17.29,115303.0,203748336.0,-4.951560818083955,-0.9199999999999982,5.841526894158482,0.0
2025-03-27,17.33,16.52,17.43,16.43,89861.0,149441120.0,-6.455266138165349,-1.1400000000000006,6.086427267194157,0.0
2025-03-28,16.27,16.96,17.26,15.91,95550.0,158268752.0,2.6634382566586012,0.4400000000000013,8.485229415461983,0.0
2025-03-31,16.46,16.08,16.46,15.82,57582.0,92675336.0,-5.188679245283034,-0.8800000000000026,4.045512010113784,0.0
2025-04-01,16.1,16.47,16.68,16.1,54467.0,89328728.0,2.425373134328357,0.39000000000000057,3.602484472049679,0.0
2025-04-02,16.39,16.38,16.55,16.06,43586.0,71068072.0,-0.5464480874316946,-0.08999999999999986,3.051058530510598,0.0
2025-04-03,15.9,15.25,15.93,14.99,65421.0,100549504.0,-6.898656898656896,-1.129999999999999,6.2708472314876555,0.0
2025-04-07,13.96,12.92,14.4,12.65,63692.0,86134656.0,-15.278688524590168,-2.33,13.83399209486166,0.0
2025-04-08,13.43,13.25,13.7,12.89,39830.0,52899856.0,2.554179566563475,0.33000000000000007,6.283941039565545,0.0
2025-04-09,13.0,13.47,13.59,11.81,41127.0,52440404.0,1.6603773584905612,0.22000000000000064,15.071972904318368,0.0
2025-04-10,13.84,14.03,14.23,13.6,32657.0,45904544.0,4.157386785449146,0.5599999999999987,4.632352941176476,0.0
2025-04-11,13.82,14.2,14.29,13.81,21611.0,30610592.0,1.2116892373485344,0.16999999999999993,3.475742215785653,0.0
2025-04-14,14.32,14.59,14.94,14.21,35334.0,51572084.0,2.746478873239444,0.39000000000000057,5.13722730471498,0.0
2025-04-15,14.59,16.36,16.5,14.59,87907.0,138472176.0,12.131596984235781,1.7699999999999996,13.09115832762166,0.0
2025-04-16,16.19,15.87,16.34,15.58,60027.0,95643016.0,-2.9951100244498763,-0.4900000000000002,4.878048780487804,0.0
2025-04-17,15.85,15.55,15.97,15.53,38806.0,60873912.0,-2.01638311279142,-0.3199999999999985,2.8332260141661387,0.0
2025-04-18,15.72,15.24,15.81,15.11,30021.0,46082628.0,-1.9935691318327953,-0.3100000000000005,4.632693580410332,0.0
2025-04-21,15.49,16.03,16.07,15.24,45456.0,71717024.0,5.183727034120733,0.7900000000000009,5.4461942257217855,0.0
2025-04-22,16.05,15.92,16.12,15.8,30488.0,48681664.0,-0.6862133499688117,-0.11000000000000121,2.0253164556962044,0.0
2025-04-23,16.04,16.22,16.32,15.85,32591.0,52627932.0,1.8844221105527525,0.29999999999999893,2.9652996845425905,0.0
2025-04-24,16.12,16.04,16.36,15.86,23875.0,38484964.0,-1.1097410604192337,-0.17999999999999972,3.1525851197982346,0.0
2025-04-25,15.97,16.0,16.27,15.71,24909.0,39729536.0,-0.24937655860348684,-0.03999999999999915,3.5646085295989733,0.0
2025-04-28,16.13,15.8,16.17,15.75,17071.0,27106208.0,-1.2499999999999956,-0.1999999999999993,2.6666666666666776,0.0
2025-04-29,15.8,16.54,16.69,15.65,35405.0,58043428.0,4.683544303797449,0.7399999999999984,6.645367412140581,0.0
2025-04-30,16.64,16.58,16.78,16.36,23994.0,39908136.0,0.24183796856105388,0.03999999999999915,2.5672371638141915,0.0
2025-05-06,16.53,16.68,16.79,16.2,29038.0,48106336.0,0.6031363088057962,0.10000000000000142,3.6419753086419746,0.0
2025-05-07,16.8,16.87,17.3,16.65,34930.0,59238684.0,1.1390887290168017,0.19000000000000128,3.903903903903917,0.0
2025-05-08,16.86,17.16,17.21,16.74,23992.0,40866920.0,1.7190278601066922,0.28999999999999915,2.8076463560334672,0.0
2025-05-09,17.2,17.12,17.25,16.73,27742.0,47107996.0,-0.2331002331002252,-0.03999999999999915,3.108188882247457,0.0
2025-05-12,17.06,16.91,17.17,16.6,29213.0,49251568.0,-1.2266355140186924,-0.21000000000000085,3.4337349397590375,0.0
2025-05-13,16.92,16.97,17.5,16.85,31605.0,54188872.0,0.3548196333530429,0.05999999999999872,3.857566765578626,0.0
2025-05-14,16.93,16.81,17.2,16.68,24957.0,41939536.0,-0.9428403064230984,-0.16000000000000014,3.1175059952038344,0.0
2025-05-15,16.85,17.19,17.42,16.61,38082.0,65199432.0,2.2605591909577782,0.38000000000000256,4.876580373269128,0.0
2025-05-16,17.19,17.5,17.72,17.06,37626.0,65575964.0,1.803374054682938,0.3099999999999987,3.868698710433764,0.0
2025-05-19,17.43,18.37,19.68,17.4,89313.0,165115520.0,4.971428571428582,0.870000000000001,13.103448275862076,0.0
2025-05-20,18.38,18.6,18.86,18.1,70319.0,130450768.0,1.2520413718018597,0.23000000000000043,4.198895027624299,0.0
2025-05-21,18.56,20.85,21.49,18.24,137019.0,275196320.0,12.096774193548377,2.25,17.817982456140353,0.0
2025-05-22,20.64,20.17,21.48,19.88,103303.0,211492368.0,-3.261390887290161,-0.6799999999999997,8.04828973843059,0.0
2025-05-23,20.11,19.68,20.55,19.62,58721.0,117690376.0,-2.4293505205751242,-0.490000000000002,4.740061162079509,0.0
2025-05-26,20.08,19.71,20.65,19.47,56063.0,112276720.0,0.1524390243902607,0.030000000000001137,6.06060606060606,0.0
2025-05-27,19.8,20.03,20.28,19.5,51303.0,102099536.0,1.6235413495687467,0.3200000000000003,4.000000000000005,0.0
2025-05-28,20.02,20.09,20.29,19.49,40803.0,81316672.0,0.299550673989013,0.05999999999999872,4.104669061056956,0.0
2025-05-29,20.1,20.03,20.5,19.57,40478.0,81349064.0,-0.298656047784962,-0.05999999999999872,4.752171691364332,0.0
2025-05-30,20.02,20.36,20.8,19.72,47288.0,96438888.0,1.6475287069395828,0.3299999999999983,5.476673427991896,0.0
2025-06-03,20.37,20.44,20.61,19.86,38694.0,78425400.0,0.39292730844795454,0.08000000000000185,3.7764350453172204,0.0
2025-06-04,20.38,21.46,21.46,20.31,72952.0,152367104.0,4.990215264187858,1.0199999999999996,5.662235352043339,0.0
2025-06-05,21.5,19.8,22.0,19.3,109875.0,223999424.0,-7.735321528424977,-1.6600000000000001,13.989637305699478,0.0
2025-06-06,19.46,19.74,20.26,19.32,49036.0,97017752.0,-0.3030303030303161,-0.060000000000002274,4.865424430641829,0.0
2025-06-09,20.0,20.31,20.68,20.0,48773.0,99268152.0,2.8875379939209633,0.5700000000000003,3.399999999999999,0.0
2025-06-10,20.33,20.31,20.68,20.06,30361.0,61798952.0,0.0,0.0,3.0907278165503542,0.0
2025-06-11,20.25,20.52,20.7,20.17,26392.0,54085364.0,1.0339734121122657,0.21000000000000085,2.6276648487853125,0.0
2025-06-12,20.66,20.84,21.18,20.33,35756.0,74162768.0,1.5594541910331383,0.3200000000000003,4.181013280865723,0.0
2025-06-13,20.74,19.73,20.77,19.6,38257.0,76253688.0,-5.326295585412666,-1.1099999999999994,5.969387755102031,0.0
2025-06-16,19.73,20.16,20.21,19.2,37735.0,74605464.0,2.1794221996958907,0.4299999999999997,5.260416666666675,0.0
2025-06-17,20.15,19.49,20.65,19.32,31885.0,63208016.0,-3.323412698412709,-0.6700000000000017,6.884057971014484,0.0
2025-06-18,19.41,19.37,19.76,19.11,25485.0,49305688.0,-0.615700359158533,-0.11999999999999744,3.4013605442176984,0.0
2025-06-19,19.37,19.04,19.47,18.72,23685.0,44984192.0,-1.7036654620547376,-0.33000000000000185,4.006410256410256,0.0
2025-06-20,19.04,18.86,19.28,18.78,19632.0,37288528.0,-0.9453781512605008,-0.17999999999999972,2.662406815761448,0.0
2025-06-23,19.3,19.76,20.38,18.63,53474.0,105930016.0,4.772004241781569,0.9000000000000021,9.39345142243693,0.0
2025-06-24,19.77,19.92,20.41,19.7,28322.0,56684196.0,0.809716599190291,0.16000000000000014,3.604060913705588,0.0
2025-06-25,19.93,20.01,20.19,19.69,16858.0,33596428.0,0.45180722891566827,0.08999999999999986,2.5393600812595225,0.0
2025-06-26,20.01,20.04,20.45,19.74,18639.0,37242336.0,0.14992503748125774,0.029999999999997584,3.596757852077006,0.0
2025-06-27,20.18,20.32,20.55,19.96,26503.0,53630176.0,1.39720558882237,0.28000000000000114,2.955911823647294,0.0
2025-06-30,20.41,21.08,21.9,20.38,62895.0,133358920.0,3.740157480314954,0.759999999999998,7.458292443572128,0.0
2025-07-01,21.0,21.22,21.4,20.82,28239.0,59524500.0,0.6641366223908873,0.14000000000000057,2.785782901056668,0.0
2025-07-02,21.32,20.93,21.36,20.75,23478.0,49230112.0,-1.3666352497643697,-0.28999999999999915,2.939759036144576,0.0
2025-07-03,20.9,20.55,21.1,20.52,21446.0,44450008.0,-1.815575728619201,-0.379999999999999,2.8265107212475726,0.0
2025-07-04,20.52,19.89,20.52,19.45,41816.0,82615448.0,-3.2116788321167933,-0.6600000000000001,5.501285347043703,0.0
2025-07-07,19.99,20.56,20.83,19.66,29429.0,59822484.0,3.3685268979386507,0.6699999999999982,5.951169888097651,0.0
2025-07-08,20.68,20.5,20.99,20.41,20068.0,41351392.0,-0.29182879377431803,-0.05999999999999872,2.84174424301812,0.0
2025-07-09,20.51,20.5,20.73,20.32,20284.0,41603256.0,0.0,0.0,2.0177165354330713,0.0
2025-07-10,20.45,20.7,21.2,20.3,27029.0,55813956.0,0.9756097560975618,0.1999999999999993,4.433497536945805,0.0
2025-07-11,20.58,20.35,20.85,20.21,21286.0,43731104.0,-1.6908212560386326,-0.34999999999999787,3.166749134092036,0.0
2025-07-14,20.3,21.05,21.3,20.3,31226.0,65355264.0,3.439803439803435,0.6999999999999993,4.926108374384236,0.0
2025-07-15,21.03,20.34,21.2,20.23,26929.0,55226920.0,-3.372921615201907,-0.7100000000000009,4.79485912011863,0.0
2025-07-16,20.34,20.22,20.47,20.18,15779.0,32042088.0,-0.5899705014749346,-0.120000000000001,1.4370664023785884,0.0
2025-07-17,20.21,20.37,20.5,20.06,17051.0,34626636.0,0.7418397626112849,0.15000000000000213,2.1934197407776734,0.0
2025-07-18,20.37,20.02,20.57,19.85,17812.0,35744600.0,-1.718213058419249,-0.3500000000000014,3.627204030226695,0.0
2025-07-21,20.02,20.17,20.53,19.95,26061.0,52785664.0,0.7492507492507627,0.15000000000000213,2.9072681704260748,0.0
2025-07-22,20.24,19.79,20.24,19.48,31962.0,63175400.0,-1.8839861179970385,-0.38000000000000256,3.901437371663234,0.0
2025-07-23,19.73,19.63,19.93,19.58,18648.0,36871080.0,-0.8084891359272373,-0.16000000000000014,1.7875383043922444,0.0
2025-07-24,19.63,19.56,19.82,19.4,16953.0,33138078.0,-0.356597045338769,-0.07000000000000028,2.1649484536082566,0.0
2025-07-25,19.56,19.44,19.65,19.34,13423.0,26145406.0,-0.6134969325153228,-0.11999999999999744,1.602895553257491,0.0
2025-07-28,19.55,19.41,19.64,19.02,27196.0,52496504.0,-0.15432098765432167,-0.030000000000001137,3.2597266035751895,0.0
2025-07-29,19.41,19.22,19.48,19.01,17575.0,33660600.0,-0.9788768675940251,-0.19000000000000128,2.472382956338763,0.0
2025-07-30,19.29,19.14,19.31,18.95,14184.0,27097686.0,-0.41623309053069324,-0.0799999999999983,1.8997361477572532,0.0
2025-07-31,19.04,18.76,19.14,18.6,24591.0,46259572.0,-1.9853709508881878,-0.379999999999999,2.903225806451608,0.0
2025-08-01,18.79,19.01,19.08,18.68,14994.0,28432438.0,1.3326226012793096,0.25,2.141327623126331,0.0
2025-08-04,18.95,19.06,19.23,18.83,15771.0,30067316.0,0.2630194634402727,0.04999999999999716,2.124269782262359,0.0
2025-08-05,19.08,19.23,19.27,18.98,13576.0,25972376.0,0.891920251836309,0.1700000000000017,1.527924130663852,0.0
2025-08-06,19.2,19.91,19.98,19.01,36063.0,70733264.0,3.5361414456578144,0.6799999999999997,5.102577590741709,0.0
2025-08-07,19.97,20.04,20.49,19.85,35627.0,71914336.0,0.6529382219989888,0.129999999999999,3.224181360201496,0.0
2025-08-08,19.95,19.69,20.37,19.6,19120.0,37758036.0,-1.7465069860279292,-0.34999999999999787,3.9285714285714266,0.0
2025-08-11,19.77,20.07,20.16,19.65,19250.0,38398256.0,1.9299136617572321,0.379999999999999,2.5954198473282526,0.0
2025-08-12,20.07,20.08,20.32,19.85,19177.0,38478948.0,0.04982561036370736,0.00999999999999801,2.367758186397979,0.0
2025-08-13,20.07,19.93,20.14,19.81,15363.0,30608884.0,-0.7470119521912233,-0.14999999999999858,1.6658253407370112,0.0
2025-08-14,20.0,19.54,20.0,19.41,19857.0,38992184.0,-1.9568489713999049,-0.39000000000000057,3.0396702730551257,0.0
2025-08-15,19.52,19.56,19.88,19.43,16860.0,33159284.0,0.10235414534287557,0.019999999999999574,2.3160061760164656,0.0
2025-08-18,19.76,19.54,19.79,19.38,21420.0,41895468.0,-0.10224948875255935,-0.019999999999999574,2.115583075335398,0.0
2025-08-19,19.49,20.6,20.62,19.34,56338.0,113887000.0,5.4247697031729825,1.0600000000000023,6.618407445708383,0.0
2025-08-20,20.62,21.26,21.6,20.35,43918.0,92987848.0,3.2038834951456208,0.6600000000000001,6.142506142506142,0.0
2025-08-21,21.15,21.3,21.43,21.09,34564.0,73462216.0,0.18814675446847673,0.03999999999999915,1.6121384542437167,0.0
2025-08-22,21.3,21.18,21.7,21.14,31658.0,67730168.0,-0.5633802816901401,-0.120000000000001,2.64900662251655,0.0
2025-08-25,21.08,21.32,21.48,20.83,30185.0,63961308.0,0.6610009442870712,0.14000000000000057,3.120499279884792,0.0
2025-08-26,21.27,23.66,24.4,21.2,95819.0,221305216.0,10.97560975609757,2.34,15.094339622641506,0.0
2025-08-27,23.96,24.47,25.04,22.63,95317.0,231043984.0,3.4234995773457344,0.8099999999999987,10.649580203269997,0.0
2025-08-28,24.5,23.35,24.66,22.51,75907.0,177969680.0,-4.5770331017572445,-1.1199999999999974,9.551310528653925,0.0
2025-08-29,23.57,24.96,25.25,23.3,92703.0,226544736.0,6.895074946466817,1.6099999999999994,8.369098712446348,0.0
2025-09-01,24.72,24.93,25.06,23.0,75615.0,183054176.0,-0.12019230769231282,-0.030000000000001137,8.95652173913043,0.0
2025-09-02,24.93,23.93,25.2,23.66,46281.0,112362712.0,-4.011231448054553,-1.0,6.508875739644966,0.0
2025-09-03,23.93,23.22,24.6,23.06,37334.0,88828376.0,-2.9669870455495184,-0.7100000000000009,6.678230702515189,0.0
2025-09-04,23.29,23.1,23.62,22.55,39352.0,90902760.0,-0.5167958656330685,-0.11999999999999744,4.745011086474502,0.0
2025-09-05,23.47,23.39,23.47,22.52,27621.0,63680684.0,1.2554112554112429,0.28999999999999915,4.218472468916516,0.0
2025-09-08,23.3,23.87,24.18,22.98,31787.0,74874288.0,2.052159042325785,0.4800000000000004,5.221932114882503,0.0
2025-09-09,24.0,24.1,25.48,23.9,57047.0,141122112.0,0.9635525764557951,0.23000000000000043,6.610878661087874,0.0
2025-09-10,24.03,23.61,24.77,23.4,45425.0,108896632.0,-2.033195020746892,-0.490000000000002,5.85470085470086,0.0
2025-09-11,23.49,24.15,24.45,22.88,36258.0,85942376.0,2.287166454891998,0.5399999999999991,6.861888111888113,0.0
2025-09-12,24.15,23.87,24.55,23.84,21925.0,52818376.0,-1.159420289855062,-0.2799999999999976,2.978187919463091,0.0
2025-09-15,23.87,23.23,23.92,23.13,24388.0,57007172.0,-2.681189777963977,-0.6400000000000006,3.4154777345438947,0.0
2025-09-16,23.24,23.46,23.6,22.71,23283.0,53863720.0,0.990099009900991,0.23000000000000043,3.91897842360194,0.0
2025-09-17,23.46,22.83,23.57,22.55,32342.0,73872568.0,-2.685421994884918,-0.6300000000000026,4.5232815964523265,0.0
2025-09-18,22.83,22.27,23.18,22.01,32518.0,73642416.0,-2.4529128339903616,-0.5599999999999987,5.315765561108578,0.0
2025-09-19,22.37,22.18,22.54,22.01,16935.0,37660664.0,-0.40413111809609603,-0.08999999999999986,2.407996365288494,0.0
2025-09-22,22.13,22.03,22.43,21.72,14778.0,32434616.0,-0.6762849413886274,-0.14999999999999858,3.268876611418052,0.0
2025-09-23,21.9,21.19,22.09,20.5,25813.0,54607760.0,-3.812982296867906,-0.8399999999999999,7.7560975609756095,0.0
2025-09-24,21.1,21.74,21.75,20.96,22078.0,47550228.0,2.5955639452571733,0.5499999999999972,3.769083969465645,0.0
2025-09-25,21.54,21.4,21.97,21.34,15173.0,32688312.0,-1.5639374425022945,-0.33999999999999986,2.9522024367385145,0.0
2025-09-26,21.29,21.36,21.8,21.14,16752.0,35830596.0,-0.18691588785045843,-0.03999999999999915,3.1220435193945133,0.0
2025-09-29,21.2,21.56,21.94,21.09,23049.0,49585792.0,0.9363295880149725,0.1999999999999993,4.0303461356093,0.0
2025-09-30,21.5,21.13,21.79,21.09,16468.0,35154992.0,-1.9944341372912788,-0.4299999999999997,3.3191085822664737,0.0
2025-10-09,21.27,20.87,21.68,20.82,17145.0,36173424.0,-1.2304779933743348,-0.259999999999998,4.13064361191162,0.0
2025-10-10,20.74,20.96,21.29,20.68,13885.0,29103556.0,0.4312410158121782,0.08999999999999986,2.949709864603479,0.0
2025-10-13,20.18,20.5,20.74,19.22,18125.0,36803000.0,-2.194656488549618,-0.46000000000000085,7.908428720083245,0.0
2025-10-14,20.5,20.24,21.01,20.2,13601.0,27901092.0,-1.2682926829268415,-0.26000000000000156,4.0099009900990215,0.0
2025-10-15,20.25,20.59,20.79,20.13,19288.0,39544852.0,1.7292490118577142,0.3500000000000014,3.278688524590165,0.0
2025-10-16,20.6,20.66,20.97,20.3,20098.0,41476536.0,0.3399708596405926,0.07000000000000028,3.3004926108374293,0.0
2025-10-17,20.88,20.1,21.41,20.01,25142.0,51932272.0,-2.710551790900284,-0.5599999999999987,6.9965017491254295,0.0
2025-10-20,20.29,20.77,20.88,20.03,25412.0,51761412.0,3.3333333333333215,0.6699999999999982,4.243634548177722,0.0
2025-10-21,20.63,21.74,22.27,20.61,42658.0,91502512.0,4.670197400096288,0.9699999999999989,8.054342552159147,0.0
2025-10-22,21.56,22.85,23.33,21.51,58211.0,131548984.0,5.105795768169297,1.110000000000003,8.461180846118069,0.0
2025-10-23,23.0,22.38,23.19,21.81,44259.0,98567976.0,-2.0568927789934466,-0.4700000000000024,6.327372764786807,0.0
2025-10-24,22.38,22.38,22.66,22.21,20925.0,46865828.0,0.0,0.0,2.0261143628995915,0.0
2025-10-27,22.39,22.53,22.8,22.0,21904.0,49270048.0,0.6702412868632823,0.15000000000000213,3.63636363636364,0.0
2025-10-28,22.51,22.17,22.63,22.14,15460.0,34513040.0,-1.5978695073235683,-0.35999999999999943,2.213188798554645,0.0
2025-10-29,22.52,21.93,22.57,21.79,18632.0,40912920.0,-1.0825439783491264,-0.240000000000002,3.5796236805874306,0.0
2025-10-30,21.93,20.8,22.3,20.69,29633.0,62860504.0,-5.152758777929767,-1.129999999999999,7.781536974383757,0.0
2025-10-31,20.91,20.95,21.21,20.77,20806.0,43669112.0,0.7211538461538325,0.14999999999999858,2.1184400577756444,0.0
2025-11-03,21.08,20.98,21.21,20.64,20454.0,42723356.0,0.14319809069212042,0.030000000000001137,2.7616279069767455,0.0
2025-11-04,20.99,20.58,20.99,20.38,14546.0,30010964.0,-1.9065776930410006,-0.40000000000000213,2.99313052011776,0.0
2025-11-05,20.56,21.0,21.07,20.31,17861.0,37088264.0,2.0408163265306145,0.4200000000000017,3.741999015263425,0.0
2025-11-06,21.08,20.98,21.22,20.56,14213.0,29682248.0,-0.09523809523809268,-0.019999999999999574,3.2101167315175108,0.0
2025-11-07,21.13,20.5,21.13,20.47,12821.0,26606484.0,-2.2878932316491962,-0.4800000000000004,3.224230581338545,0.0
2025-11-10,20.57,20.63,20.99,20.32,11029.0,22818040.0,0.6341463414634152,0.129999999999999,3.2972440944881796,0.0
2025-11-11,20.57,20.36,20.77,20.24,10654.0,21834564.0,-1.3087736306349962,-0.2699999999999996,2.6185770750988198,0.0
2025-11-12,20.36,20.34,20.61,20.2,11356.0,23147358.0,-0.09823182711198308,-0.019999999999999574,2.0297029702970306,0.0
2025-11-13,20.34,20.36,20.59,20.05,12635.0,25719794.0,0.0983284169124854,0.019999999999999574,2.6932668329177014,0.0
2025-11-14,20.43,20.2,20.48,20.15,13250.0,26955296.0,-0.7858546168958758,-0.16000000000000014,1.6377171215880986,0.0
2025-11-17,20.4,19.97,20.77,19.91,21714.0,43963712.0,-1.1386138613861396,-0.23000000000000043,4.3194374686087365,0.0
2025-11-18,20.0,20.08,20.2,19.9,13976.0,27978160.0,0.5508262393590257,0.10999999999999943,1.507537688442215,0.0
2025-11-19,20.17,19.65,20.36,19.63,14430.0,28655516.0,-2.1414342629482053,-0.4299999999999997,3.71879775853286,0.0
2025-11-20,19.69,19.46,19.78,19.31,16092.0,31449084.0,-0.9669211195928673,-0.18999999999999773,2.433972035214927,0.0
2025-11-21,19.38,18.7,19.64,18.63,18027.0,34325328.0,-3.9054470709147027,-0.7600000000000016,5.421363392377894,0.0
2025-11-24,19.01,19.72,19.8,18.96,19244.0,37232148.0,5.454545454545445,1.0199999999999996,4.430379746835443,0.0
2025-11-25,19.8,19.62,19.9,19.45,15254.0,29965650.0,-0.5070993914807143,-0.09999999999999787,2.3136246786632357,0.0
2025-11-26,19.62,19.51,20.0,19.43,13391.0,26335862.0,-0.5606523955147824,-0.10999999999999943,2.933607822954196,0.0
2025-11-27,19.53,19.98,20.29,19.41,16231.0,32298336.0,2.4090210148641766,0.46999999999999886,4.53374549201442,0.0
2025-11-28,19.87,19.95,20.11,19.66,11504.0,22860224.0,-0.15015015015015232,-0.030000000000001137,2.2889114954221736,0.0
2025-12-01,20.26,19.75,20.38,19.54,21884.0,43612672.0,-1.0025062656641603,-0.1999999999999993,4.298874104401228,0.0
2025-12-02,19.74,19.66,20.08,19.55,11480.0,22654240.0,-0.45569620253164134,-0.08999999999999986,2.7109974424552306,0.0
2025-12-03,19.72,19.64,19.99,19.32,13189.0,25776330.0,-0.10172939979653517,-0.019999999999999574,3.4679089026915015,0.0
2025-12-04,19.55,19.37,19.69,19.25,9838.0,19100656.0,-1.3747454175152773,-0.2699999999999996,2.2857142857142922,0.0
2025-12-05,19.56,19.21,19.56,18.85,28945.0,55207648.0,-0.8260196179659229,-0.16000000000000014,3.7665782493368556,0.0
2025-12-08,19.49,19.43,19.5,19.11,18016.0,34769484.0,1.1452368558042547,0.21999999999999886,2.0408163265306154,0.0
2025-12-09,19.39,18.88,19.68,18.8,25161.0,48035764.0,-2.830674215131246,-0.5500000000000007,4.680851063829781,0.0
2025-12-10,18.88,18.79,19.06,18.69,16218.0,30524478.0,-0.4766949152542388,-0.08999999999999986,1.9796682718030896,0.0
2025-12-11,18.69,18.99,19.52,18.69,28647.0,54975536.0,1.064395955295372,0.1999999999999993,4.44087747458533,0.0
2025-12-12,18.98,19.04,19.43,18.81,17781.0,34032052.0,0.263296471827279,0.05000000000000071,3.2961190855927756,0.0
2025-12-15,18.82,18.75,19.15,18.61,13226.0,24848670.0,-1.5231092436974736,-0.28999999999999915,2.901665771090807,0.0
2025-12-16,18.72,18.59,18.84,18.4,12799.0,23811314.0,-0.8533333333333393,-0.16000000000000014,2.391304347826094,0.0
2025-12-17,18.5,18.71,18.77,18.18,13057.0,24091264.0,0.6455083378160253,0.120000000000001,3.2453245324532447,0.0
2025-12-18,18.62,19.84,20.5,18.62,43336.0,86036984.0,6.039551042223401,1.129999999999999,10.096670247046182,0.0
2025-12-19,19.86,19.85,20.15,19.51,22583.0,44933376.0,0.05040322580645018,0.010000000000001563,3.2803690415171554,0.0
2025-12-22,19.9,19.62,19.98,19.49,16635.0,32712762.0,-1.1586901763224189,-0.23000000000000043,2.5141097998973936,0.0
2025-12-23,19.57,19.63,20.27,19.48,22798.0,45253416.0,0.05096839959224386,0.00999999999999801,4.055441478439421,0.0
2025-12-24,19.61,19.79,19.9,19.38,16720.0,32988040.0,0.8150789607743292,0.16000000000000014,2.6831785345717214,0.0
2025-12-25,19.89,20.19,20.65,19.51,26330.0,53367776.0,2.021222839818093,0.40000000000000213,5.843157355202445,0.0
2025-12-26,20.36,19.7,20.38,19.65,16661.0,33188208.0,-2.4269440316988744,-0.490000000000002,3.715012722646313,0.0
2025-12-29,19.78,19.91,20.28,19.55,16325.0,32672362.0,1.0659898477157315,0.21000000000000085,3.7340153452685447,0.0
2025-12-30,19.89,19.49,19.96,19.41,21136.0,41412100.0,-2.1094927172275346,-0.4200000000000017,2.83359093250902,0.0
2025-12-31,19.49,19.61,19.85,19.32,13800.0,27044110.0,0.6157003591585442,0.120000000000001,2.743271221532097,0.0
2026-01-05,19.7,20.08,20.55,19.54,25588.0,51464576.0,2.3967363590005064,0.46999999999999886,5.1688843398157704,0.0
2026-01-06,20.08,20.69,21.57,20.05,37609.0,78912256.0,3.0378486055776976,0.610000000000003,7.581047381546132,0.0
2026-01-07,20.7,20.59,20.87,20.43,20486.0,42247644.0,-0.48332527791203894,-0.10000000000000142,2.1536955457660367,0.0
2026-01-08,20.59,20.68,20.86,20.3,17422.0,35929364.0,0.4371053909664857,0.08999999999999986,2.758620689655166,0.0
2026-01-09,20.74,20.68,20.8,20.42,17526.0,36184876.0,0.0,0.0,1.860920666013707,0.0
2026-01-12,21.11,22.22,23.0,21.11,81874.0,183266096.0,7.446808510638303,1.5399999999999991,8.953102794883943,0.0
2026-01-13,22.6,24.12,24.97,22.01,101801.0,238847136.0,8.55085508550857,1.9000000000000021,13.448432530667864,0.0
2026-01-14,23.88,24.51,24.88,23.7,72031.0,174895648.0,1.6169154228855787,0.39000000000000057,4.978902953586497,0.0
2026-01-15,24.7,25.45,26.48,24.7,73021.0,186437328.0,3.8351693186454483,0.9399999999999977,7.206477732793528,0.0
2026-01-16,25.01,24.34,25.84,24.0,110501.0,274428192.0,-4.361493123772098,-1.1099999999999994,7.666666666666666,0.0
2026-01-19,24.84,25.4,26.12,23.84,94700.0,236942784.0,4.354971240755945,1.0599999999999987,9.56375838926175,0.0
2026-01-20,25.41,25.51,26.38,25.1,69853.0,178642944.0,0.4330708661417493,0.11000000000000298,5.099601593625488,0.0
2026-01-21,25.84,25.36,25.84,24.7,49063.0,123695320.0,-0.5880047040376368,-0.15000000000000213,4.615384615384618,0.0
2026-01-22,25.34,24.45,25.7,24.37,54149.0,133619432.0,-3.588328075709779,-0.9100000000000001,5.457529749692237,0.0
2026-01-23,24.88,24.44,25.32,24.2,60093.0,148404368.0,-0.04089979550101486,-0.00999999999999801,4.628099173553723,0.0
2026-01-26,24.63,23.2,24.7,22.73,51862.0,121363872.0,-5.073649754500831,-1.240000000000002,8.666959964804219,0.0
2026-01-27,23.18,22.34,23.19,22.1,39239.0,87955352.0,-3.706896551724137,-0.8599999999999994,4.9321266968325785,0.0
2026-01-28,22.26,21.69,22.33,21.37,54367.0,118416280.0,-2.909579230080561,-0.6499999999999986,4.492278895648092,0.0
2026-01-29,21.73,21.46,22.99,21.4,59980.0,132410920.0,-1.0603964960811507,-0.23000000000000043,7.4299065420560755,0.0
2026-01-30,21.37,21.22,21.82,21.01,32571.0,69251128.0,-1.1183597390494016,-0.240000000000002,3.8553069966682467,0.0
2026-02-02,21.09,21.12,21.87,20.9,37241.0,80091440.0,-0.47125353440149453,-0.09999999999999787,4.641148325358864,0.0
2026-02-03,21.3,21.39,21.64,21.13,27071.0,57695368.0,1.2784090909090828,0.2699999999999996,2.413629910080462,0.0
2026-02-04,21.35,21.71,22.08,21.15,31906.0,69159816.0,1.4960261804581654,0.3200000000000003,4.397163120567375,0.0
2026-02-05,21.78,21.46,21.93,21.43,18023.0,38915012.0,-1.1515430677107363,-0.25,2.3331777881474567,0.0
2026-02-06,21.32,21.51,21.73,21.15,18062.0,38869260.0,0.2329916123019693,0.05000000000000071,2.742316784869985,0.0
2026-02-09,21.71,21.6,21.76,21.23,32919.0,70535008.0,0.4184100418409997,0.08999999999999986,2.4964672633066467,0.0
2026-02-10,21.57,21.59,21.9,21.47,17999.0,38968236.0,-0.04629629629629983,-0.010000000000001563,2.0027945971122483,0.0
2026-02-11,21.59,21.5,21.74,21.43,23187.0,50019872.0,-0.41685965724872487,-0.08999999999999986,1.4465702286514173,0.0
2026-02-12,21.5,21.56,22.48,21.13,38949.0,84936768.0,0.27906976744185297,0.05999999999999872,6.3890203502129745,0.0
2026-02-13,21.67,21.89,22.45,21.58,38503.0,84992672.0,1.5306122448979664,0.33000000000000185,4.031510658016687,0.0
2026-02-24,21.99,21.76,22.09,21.53,23009.0,50041040.0,-0.593878483325716,-0.129999999999999,2.6010218300046386,0.0
2026-02-25,21.81,21.82,22.0,21.66,19175.0,41855860.0,0.27573529411764053,0.05999999999999872,1.5697137580794083,0.0
2026-02-26,21.85,21.56,21.87,21.36,26798.0,57797700.0,-1.191567369385893,-0.26000000000000156,2.3876404494382095,0.0
2026-02-27,21.48,22.2,22.65,21.36,37128.0,82313728.0,2.9684601113172615,0.6400000000000006,6.039325842696625,0.0
2026-03-02,21.7,21.55,22.2,21.2,37266.0,80585120.0,-2.9279279279279202,-0.6499999999999986,4.716981132075472,0.0
2026-03-03,21.49,20.77,22.09,20.72,29220.0,62346160.0,-3.6194895591647347,-0.7800000000000011,6.611969111969117,0.0
2026-03-04,20.41,20.46,20.97,20.3,20700.0,42598776.0,-1.492537313432829,-0.3099999999999987,3.3004926108374293,0.0
2026-03-05,20.86,20.58,21.18,20.48,15237.0,31696406.0,0.586510263929596,0.11999999999999744,3.4179687499999964,0.0
2026-03-06,20.58,21.01,21.23,20.45,17575.0,36942040.0,2.089407191448034,0.43000000000000327,3.81418092909536,0.0
2026-03-09,20.8,20.36,20.97,20.01,30165.0,61651464.0,-3.0937648738695978,-0.6500000000000021,4.797601199400286,0.0
2026-03-10,20.56,21.03,21.3,20.56,25876.0,54333240.0,3.2907662082514832,0.6700000000000017,3.599221789883279,0.0
2026-03-11,21.25,20.91,21.5,20.84,28660.0,60522704.0,-0.5706134094151216,-0.120000000000001,3.1669865642994246,0.0
2026-03-12,20.9,20.56,21.01,20.5,22582.0,46703120.0,-1.6738402678144526,-0.3500000000000014,2.487804878048788,0.0
2026-03-13,20.56,20.67,20.98,20.35,18916.0,39187796.0,0.5350194552529386,0.11000000000000298,3.0958230958230906,0.0
2026-03-16,20.83,20.34,20.83,20.15,23437.0,47841632.0,-1.59651669085632,-0.33000000000000185,3.3746898263027285,0.0
2026-03-17,20.44,19.89,20.59,19.8,18405.0,37142384.0,-2.212389380530966,-0.4499999999999993,3.9898989898989856,0.0
2026-03-18,20.01,20.4,20.47,19.75,16493.0,33323116.0,2.564102564102555,0.509999999999998,3.645569620253159,0.0
2026-03-19,20.46,19.8,20.46,19.76,16599.0,33196042.0,-2.941176470588225,-0.5999999999999979,3.542510121457486,0.0
2026-03-20,19.94,19.21,20.12,19.14,19404.0,37935804.0,-2.9797979797979823,-0.5899999999999999,5.120167189132709,0.0
2026-03-23,18.96,18.18,19.32,18.1,40534.0,76018640.0,-5.361790733992722,-1.0300000000000011,6.7403314917127,0.0
2026-03-24,18.67,18.92,18.99,18.05,30165.0,55800960.0,4.0704070407040716,0.740000000000002,5.207756232686968,0.0
2026-03-25,18.87,18.87,19.21,18.7,26474.0,50181304.0,-0.26427061310783095,-0.05000000000000071,2.727272727272736,0.0
2026-03-26,18.82,18.2,19.28,18.04,39766.0,73493984.0,-3.5506094329623816,-0.6700000000000017,6.873614190687373,0.0
2026-03-27,18.0,18.61,18.7,17.92,31086.0,57425708.0,2.2527472527472447,0.41000000000000014,4.352678571428557,0.0
2026-03-30,18.41,18.64,18.73,18.21,21648.0,39998836.0,0.1612036539494932,0.030000000000001137,2.8555738605161975,0.0
2026-03-31,18.69,18.36,18.9,18.35,19718.0,36636852.0,-1.5021459227467893,-0.28000000000000114,2.9972752043596573,0.0
2026-04-01,18.79,20.09,20.17,18.79,47102.0,91855440.0,9.422657952069713,1.7300000000000004,7.3443320915380665,0.0
2026-04-02,20.38,20.55,21.21,19.86,64835.0,133864808.0,2.2896963663514125,0.46000000000000085,6.7975830815710045,0.0
2026-04-03,20.81,20.79,21.07,19.81,49238.0,100441264.0,1.1678832116788218,0.23999999999999844,6.360424028268559,0.0
2026-04-07,20.81,21.46,21.5,20.6,52014.0,109539592.0,3.222703222703238,0.6700000000000017,4.368932038834944,0.0
2026-04-08,21.68,22.59,22.6,21.52,43677.0,96776344.0,5.265610438024226,1.129999999999999,5.018587360594804,0.0
2026-04-09,22.37,23.12,23.25,22.14,48047.0,110198728.0,2.346170872067299,0.5300000000000011,5.013550135501353,0.0
2026-04-10,23.1,25.88,26.74,23.09,131298.0,328127168.0,11.937716262975773,2.759999999999998,15.807708964919872,0.0
2026-04-13,25.67,30.28,30.96,25.42,176975.0,512496096.0,17.00154559505411,4.400000000000002,21.793863099921317,0.0
2026-04-14,30.33,29.94,30.6,27.5,151661.0,447068064.0,-1.122853368560106,-0.33999999999999986,11.272727272727277,0.0
2026-04-15,30.38,33.0,33.1,29.5,118120.0,376158272.0,10.220440881763526,3.0599999999999987,12.20338983050848,0.0
2026-04-16,32.7,33.8,34.3,31.75,101622.0,339539360.0,2.4242424242424176,0.7999999999999972,8.031496062992117,0.0
2026-04-17,34.48,34.94,35.88,34.0,112467.0,391668896.0,3.372781065088759,1.1400000000000006,5.529411764705889,0.0
2026-04-20,34.25,31.25,34.6,30.08,170034.0,540831552.0,-10.560961648540346,-3.6899999999999977,15.026595744680863,0.0
2026-04-21,31.7,35.0,35.66,31.07,143926.0,489888992.0,12.00000000000001,3.75,14.773093015770828,0.0
2026-04-22,35.19,34.14,36.28,33.41,136255.0,474972000.0,-2.4571428571428577,-0.8599999999999994,8.590242442382534,0.0
2026-04-23,33.5,33.47,35.2,32.97,103169.0,350973344.0,-1.9625073227885204,-0.6700000000000017,6.7637245981195155,0.0
2026-04-24,33.26,31.59,33.46,31.48,80366.0,256672576.0,-5.616970421272782,-1.879999999999999,6.289707750952987,0.0
2026-04-27,31.8,30.92,32.03,30.73,76852.0,239484704.0,-2.1209243431465574,-0.6699999999999982,4.230393752033845,0.0
2026-04-28,30.89,29.43,31.0,29.2,78636.0,233945216.0,-4.8188874514877185,-1.490000000000002,6.164383561643838,0.0
2026-04-29,29.47,30.0,30.55,29.07,79043.0,235866912.0,1.9367991845055998,0.5700000000000003,5.091159270725836,0.0
2026-04-30,29.92,29.47,30.43,29.33,53577.0,159017408.0,-1.766666666666672,-0.5300000000000011,3.7504261847937315,0.0
2026-05-06,29.8,29.99,30.69,29.51,67054.0,202356272.0,1.7645062775704101,0.5199999999999996,3.998644527278887,0.0
2026-05-07,30.05,31.99,32.58,29.9,96455.0,303834272.0,6.668889629876618,2.0,8.963210702341136,0.0
2026-05-08,32.46,33.83,35.2,31.6,89975.0,302537632.0,5.751797436698958,1.8399999999999999,11.392405063291143,0.0
2026-05-11,33.83,34.57,35.89,32.6,91123.0,313524192.0,2.1874076263671327,0.740000000000002,10.092024539877297,0.0
2026-05-12,34.58,34.99,35.98,34.01,61643.0,214620320.0,1.214926236621361,0.4200000000000017,5.79241399588356,0.0
2026-05-13,34.89,40.86,41.55,34.75,121680.0,479483904.0,16.776221777650747,5.869999999999997,19.568345323741,0.0
2026-05-14,41.0,38.69,41.97,37.01,129156.0,501037600.0,-5.310817425354875,-2.1700000000000017,13.401783301810324,0.0
2026-05-15,38.64,36.57,38.9,35.5,100806.0,370802624.0,-5.479452054794509,-2.1199999999999974,9.57746478873239,0.0
2026-05-18,35.92,37.4,38.6,35.92,79958.0,298929504.0,2.269619907027609,0.8299999999999983,7.461024498886413,0.0
2026-05-19,37.4,40.72,42.4,37.4,130187.0,521210176.0,8.877005347593592,3.3200000000000003,13.368983957219251,0.0
2026-05-20,40.7,39.4,40.98,38.72,87141.0,343068096.0,-3.241650294695486,-1.3200000000000003,5.836776859504127,0.0
2026-05-21,39.23,38.49,40.66,38.08,62902.0,247595792.0,-2.309644670050748,-0.9099999999999966,6.775210084033609,0.0
2026-05-22,38.5,39.5,39.73,38.01,61301.0,238650496.0,2.6240581969342536,1.009999999999998,4.525124967113914,0.0
2026-05-25,39.11,37.22,39.24,36.71,75925.0,283417728.0,-5.7721518987341796,-2.280000000000001,6.891855080359578,0.0
2026-05-26,36.88,36.06,37.46,35.62,48116.0,174249680.0,-3.116603976356791,-1.1599999999999966,5.165637282425614,0.0
2026-05-27,36.06,35.82,36.34,35.38,34654.0,123984960.0,-0.6655574043261336,-0.240000000000002,2.7133973996608276,0.0
2026-05-28,36.21,36.03,36.45,34.63,42943.0,152746496.0,0.5862646566164198,0.21000000000000085,5.25555876407739,0.0
2026-05-29,35.81,34.27,36.45,34.02,34160.0,118977480.0,-4.88481820704968,-1.759999999999998,7.1428571428571415,0.0
2026-06-01,34.11,32.99,34.27,32.35,70469.0,233318496.0,-3.7350452290633274,-1.2800000000000011,5.935085007727981,0.0
2026-06-02,32.66,33.44,33.44,32.14,31689.0,103590904.0,1.3640497120339434,0.44999999999999574,4.04480398257622,0.0
2026-06-03,33.1,34.5,35.11,32.8,62860.0,214168288.0,3.169856459330145,1.0600000000000023,7.042682926829276,0.0
2026-06-04,33.32,34.45,34.63,33.12,35942.0,122330872.0,-0.14492753623187582,-0.04999999999999716,4.559178743961369,0.0
2026-06-05,34.11,34.6,36.0,33.5,38943.0,134226736.0,0.4354136429608024,0.14999999999999858,7.462686567164178,0.0
2026-06-08,33.0,33.12,34.4,32.47,41955.0,139873936.0,-4.277456647398859,-1.480000000000004,5.943948259932244,0.0
2026-06-09,33.78,33.28,34.16,32.75,30826.0,102545232.0,0.48309178743961567,0.1600000000000037,4.3053435114503715,0.0
2026-06-10,33.0,32.5,33.62,32.06,37709.0,123330096.0,-2.34375,-0.7800000000000011,4.86587648159699,0.0
2026-06-11,32.44,31.47,32.79,31.2,30865.0,98172912.0,-3.1692307692307686,-1.0300000000000011,5.096153846153846,0.0
2026-06-12,31.78,32.1,32.6,31.4,35554.0,113877728.0,2.001906577693058,0.6300000000000026,3.8216560509554234,0.0
2026-06-15,32.19,33.43,33.66,32.19,35158.0,116096488.0,4.143302180685349,1.3299999999999983,4.566635601118357,0.0
2026-06-16,34.0,40.12,40.12,33.2,101010.0,376005792.0,20.011965300628166,6.689999999999998,20.843373493975886,0.0
2026-06-17,40.11,39.89,41.5,38.52,125498.0,496800992.0,-0.5732801595214276,-0.22999999999999687,7.736240913810999,0.0
2026-06-18,39.88,38.96,40.54,38.6,74673.0,294744480.0,-2.331411381298565,-0.9299999999999997,5.025906735751289,0.0
2026-06-22,38.96,40.19,41.71,38.4,85807.0,343042112.0,3.1570841889116963,1.2299999999999969,8.619791666666673,0.0
2026-06-23,41.0,43.59,45.5,39.5,111939.0,475315424.0,8.459815874595677,3.4000000000000057,15.18987341772152,0.0
2026-06-24,43.58,47.5,49.0,42.09,117133.0,552454336.0,8.969947235604492,3.9099999999999966,16.41720123544784,0.0
2026-06-25,46.05,46.66,48.01,45.7,75434.0,352635200.0,-1.7684210526315858,-0.8400000000000034,5.054704595185985,0.0
2026-06-26,47.98,45.09,49.87,45.0,86535.0,403607072.0,-3.3647663951993034,-1.5699999999999932,10.822222222222216,0.0
2026-06-29,44.77,42.81,45.17,41.0,73708.0,316134208.0,-5.056553559547572,-2.280000000000001,10.170731707317076,0.0
2026-06-30,42.57,42.47,42.96,41.52,47474.0,200197168.0,-0.794206960990429,-0.3400000000000034,3.4682080924855434,0.0
2026-07-01,41.71,43.15,43.88,41.3,47896.0,206051184.0,1.601130209559698,0.6799999999999997,6.246973365617447,0.0
2026-07-02,42.11,42.7,45.08,41.39,55314.0,240402960.0,-1.0428736964078644,-0.44999999999999574,8.915196907465566,0.0
2026-07-03,42.43,41.27,43.45,41.05,43637.0,182546000.0,-3.3489461358313766,-1.4299999999999997,5.846528623629734,0.0
2026-07-06,41.28,40.6,42.55,40.3,28946.0,119584296.0,-1.6234552944027203,-0.6700000000000017,5.583126550868487,0.0
2026-07-07,40.38,40.05,40.74,39.01,34289.0,136379184.0,-1.3546798029556717,-0.5500000000000043,4.434760317867224,0.0
2026-07-08,40.46,38.76,40.71,38.5,26375.0,103197952.0,-3.22097378277153,-1.2899999999999991,5.740259740259742,0.0
2026-07-09,38.75,38.08,38.83,36.1,37715.0,141014416.0,-1.754385964912275,-0.6799999999999997,7.5623268698060855,0.0
2026-07-10,38.49,37.09,38.49,37.07,28794.0,108673984.0,-2.5997899159663773,-0.9899999999999949,3.8305907742109566,0.0
2026-07-13,36.3,31.68,36.3,31.28,65311.0,217018032.0,-14.586141817201415,-5.410000000000004,16.04859335038362,0.0
2026-07-14,31.48,32.19,32.47,30.6,47874.0,151433952.0,1.6098484848484862,0.509999999999998,6.111111111111103,0.0
2026-07-15,32.44,32.53,33.29,31.6,38596.0,125437936.0,1.0562286424355527,0.3400000000000034,5.348101265822777,0.0
2026-07-16,32.52,30.99,32.59,30.72,39879.0,125853568.0,-4.734091607746704,-1.5400000000000027,6.087239583333348,0.0
2026-07-17,30.99,27.35,30.99,26.89,50975.0,145403456.0,-11.745724427234583,-3.639999999999997,15.247303830420222,0.0
2026-07-20,27.61,26.05,30.35,25.7,76796.0,214768928.0,-4.753199268738573,-1.3000000000000007,18.09338521400779,0.0
2026-07-21,26.41,26.42,27.28,23.18,78260.0,200339984.0,1.4203454894433865,0.370000000000001,17.68766177739431,0.0
2026-07-22,26.79,28.0,29.17,26.44,64882.0,181146576.0,5.9803179409538165,1.5799999999999983,10.325264750378215,0.0
2026-07-23,28.13,28.25,28.39,27.1,54320.0,150612816.0,0.8928571428571397,0.25,4.760147601476011,0.0
2026-07-24,27.97,27.68,28.72,27.32,44847.0,125596048.0,-2.017699115044247,-0.5700000000000003,5.124450951683743,0.0
2026-07-27,27.68,29.25,29.28,26.77,39238.0,111391608.0,5.67196531791907,1.5700000000000003,9.376167351512892,0.0
2026-07-28,28.97,29.16,29.88,28.51,37630.0,110229104.0,-0.3076923076923088,-0.08999999999999986,4.805331462644677,0.0
2026-07-29,28.88,27.0,29.16,26.33,51223.0,139632208.0,-7.4074074074074066,-2.16,10.748195974173953,0.0
2026-07-30,27.0,24.62,27.0,24.39,59239.0,149788320.0,-8.81481481481481,-2.379999999999999,10.701107011070109,0.0
2026-07-31,25.61,25.76,27.09,25.61,44278.0,117120000.0,4.630381803411865,1.1400000000000006,5.778992581023039,0.0
2026-08-03,25.53,25.52,26.59,25.2,33805.0,86744864.0,-0.9316770186335477,-0.240000000000002,5.5158730158730185,0.0
